2 255 984 796
4 506 984 796 669 676
6 749 984 796 669 676 782 140
8 959 984 796 669 676 782 140 433 36
10 1160 984 796 669 676 782 140 433 36 450 951
12 1355 984 796 669 676 782 140 433 36 450 951 778 520
14 1550 984 796 669 676 782 140 433 36 450 951 778 520 382 798
16 1735 984 796 669 676 782 140 433 36 450 951 778 520 382 798 278 789
18 1911 984 796 669 676 782 140 433 36 450 951 778 520 382 798 278 789 558 961
20 2081 984 796 669 676 782 140 433 36 450 951 778 520 382 798 278 789 558 961 469 256
22 2251 984 796 669 676 782 140 433 36 450 951 778 520 382 798 278 789 558 961 469 256 449 810
24 2393 984 796 669 676 782 140 433 36 450 951 778 520 382 798 278 789 558 961 469 256 449 810 159 99
26 2510 984 796 669 676 782 140 433 36 450 951 778 520 382 798 278 789 558 961 469 256 449 810 159 99 717 727
28 2627 984 796 669 676 782 140 433 36 450 951 778 520 382 798 278 789 558 961 469 256 449 810 159 99 717 727 242 21
30 2742 984 796 669 676 782 140 433 36 450 951 778 520 382 798 278 789 558 961 469 256 449 810 159 99 717 727 242 21 827 184
32 2830 984 796 669 676 782 140 433 36 450 951 778 520 382 798 278 789 558 961 469 256 449 810 159 99 717 727 242 21 827 184 468 111
34 2911 984 796 669 676 782 140 433 36 450 951 778 520 382 798 278 789 558 961 469 256 449 810 159 99 717 727 242 21 827 184 468 111 790 1
36 2982 984 796 669 676 782 140 433 36 450 951 778 520 382 798 278 789 558 961 469 256 449 810 159 99 717 727 242 21 827 184 468 111 790 1 488 596
38 3051 984 796 669 676 782 140 433 36 450 951 778 520 382 798 278 789 558 961 469 256 449 810 159 99 717 727 242 21 827 184 468 111 790 1 488 596 402 221
40 3118 984 796 669 676 782 140 433 36 450 951 778 520 382 798 278 789 558 961 469 256 449 810 159 99 717 727 242 21 827 184 468 111 790 1 488 596 402 221 618 186
42 3183 984 796 669 676 782 140 433 36 450 951 778 520 382 798 278 789 558 961 469 256 449 810 159 99 717 727 242 21 827 184 468 111 790 1 488 596 402 221 618 186 55 26
44 3247 984 796 669 676 782 140 433 36 450 951 778 520 382 798 278 789 558 961 469 256 449 810 159 99 717 727 242 21 827 184 468 111 790 1 488 596 402 221 618 186 55 26 431 773
46 3304 984 796 669 676 782 140 433 36 450 951 778 520 382 798 278 789 558 961 469 256 449 810 159 99 717 727 242 21 827 184 468 111 790 1 488 596 402 221 618 186 55 26 431 773 597 581
48 3360 984 796 669 676 782 140 433 36 450 951 778 520 382 798 278 789 558 961 469 256 449 810 159 99 717 727 242 21 827 184 468 111 790 1 488 596 402 221 618 186 55 26 431 773 597 581 228 987
50 3411 984 796 669 676 782 140 433 36 450 951 778 520 382 798 278 789 558 961 469 256 449 810 159 99 717 727 242 21 827 184 468 111 790 1 488 596 402 221 618 186 55 26 431 773 597 581 228 987 9 923
52 3461 984 796 669 676 782 140 433 36 450 951 778 520 382 798 278 789 558 961 469 256 449 810 159 99 717 727 242 21 827 184 468 111 790 1 488 596 402 221 618 186 55 26 431 773 597 581 228 987 9 923 844 292
54 3507 984 796 669 676 782 140 433 36 450 951 778 520 382 798 278 789 558 961 469 256 449 810 159 99 717 727 242 21 827 184 468 111 790 1 488 596 402 221 618 186 55 26 431 773 597 581 228 987 9 923 844 292 364 386
56 3551 984 796 669 676 782 140 433 36 450 951 778 520 382 798 278 789 558 961 469 256 449 810 159 99 717 727 242 21 827 184 468 111 790 1 488 596 402 221 618 186 55 26 431 773 597 581 228 987 9 923 844 292 364 386 953 954
58 3595 984 796 669 676 782 140 433 36 450 951 778 520 382 798 278 789 558 961 469 256 449 810 159 99 717 727 242 21 827 184 468 111 790 1 488 596 402 221 618 186 55 26 431 773 597 581 228 987 9 923 844 292 364 386 953 954 539 462
60 3634 984 796 669 676 782 140 433 36 450 951 778 520 382 798 278 789 558 961 469 256 449 810 159 99 717 727 242 21 827 184 468 111 790 1 488 596 402 221 618 186 55 26 431 773 597 581 228 987 9 923 844 292 364 386 953 954 539 462 336 937
62 3669 984 796 669 676 782 140 433 36 450 951 778 520 382 798 278 789 558 961 469 256 449 810 159 99 717 727 242 21 827 184 468 111 790 1 488 596 402 221 618 186 55 26 431 773 597 581 228 987 9 923 844 292 364 386 953 954 539 462 336 937 80 224
64 3702 984 796 669 676 782 140 433 36 450 951 778 520 382 798 278 789 558 961 469 256 449 810 159 99 717 727 242 21 827 184 468 111 790 1 488 596 402 221 618 186 55 26 431 773 597 581 228 987 9 923 844 292 364 386 953 954 539 462 336 937 80 224 599 348
66 3734 984 796 669 676 782 140 433 36 450 951 778 520 382 798 278 789 558 961 469 256 449 810 159 99 717 727 242 21 827 184 468 111 790 1 488 596 402 221 618 186 55 26 431 773 597 581 228 987 9 923 844 292 364 386 953 954 539 462 336 937 80 224 599 348 867 453
68 3765 984 796 669 676 782 140 433 36 450 951 778 520 382 798 278 789 558 961 469 256 449 810 159 99 717 727 242 21 827 184 468 111 790 1 488 596 402 221 618 186 55 26 431 773 597 581 228 987 9 923 844 292 364 386 953 954 539 462 336 937 80 224 599 348 867 453 321 280
70 3794 984 796 669 676 782 140 433 36 450 951 778 520 382 798 278 789 558 961 469 256 449 810 159 99 717 727 242 21 827 184 468 111 790 1 488 596 402 221 618 186 55 26 431 773 597 581 228 987 9 923 844 292 364 386 953 954 539 462 336 937 80 224 599 348 867 453 321 280 762 719
72 3819 984 796 669 676 782 140 433 36 450 951 778 520 382 798 278 789 558 961 469 256 449 810 159 99 717 727 242 21 827 184 468 111 790 1 488 596 402 221 618 186 55 26 431 773 597 581 228 987 9 923 844 292 364 386 953 954 539 462 336 937 80 224 599 348 867 453 321 280 762 719 121 174
74 3840 984 796 669 676 782 140 433 36 450 951 778 520 382 798 278 789 558 961 469 256 449 810 159 99 717 727 242 21 827 184 468 111 790 1 488 596 402 221 618 186 55 26 431 773 597 581 228 987 9 923 844 292 364 386 953 954 539 462 336 937 80 224 599 348 867 453 321 280 762 719 121 174 85 146
76 3860 984 796 669 676 782 140 433 36 450 951 778 520 382 798 278 789 558 961 469 256 449 810 159 99 717 727 242 21 827 184 468 111 790 1 488 596 402 221 618 186 55 26 431 773 597 581 228 987 9 923 844 292 364 386 953 954 539 462 336 937 80 224 599 348 867 453 321 280 762 719 121 174 85 146 612 109
78 3874 984 796 669 676 782 140 433 36 450 951 778 520 382 798 278 789 558 961 469 256 449 810 159 99 717 727 242 21 827 184 468 111 790 1 488 596 402 221 618 186 55 26 431 773 597 581 228 987 9 923 844 292 364 386 953 954 539 462 336 937 80 224 599 348 867 453 321 280 762 719 121 174 85 146 612 109 897 668
80 3884 984 796 669 676 782 140 433 36 450 951 778 520 382 798 278 789 558 961 469 256 449 810 159 99 717 727 242 21 827 184 468 111 790 1 488 596 402 221 618 186 55 26 431 773 597 581 228 987 9 923 844 292 364 386 953 954 539 462 336 937 80 224 599 348 867 453 321 280 762 719 121 174 85 146 612 109 897 668 892 359
82 3894 984 796 669 676 782 140 433 36 450 951 778 520 382 798 278 789 558 961 469 256 449 810 159 99 717 727 242 21 827 184 468 111 790 1 488 596 402 221 618 186 55 26 431 773 597 581 228 987 9 923 844 292 364 386 953 954 539 462 336 937 80 224 599 348 867 453 321 280 762 719 121 174 85 146 612 109 897 668 892 359 736 640
84 3904 984 796 669 676 782 140 433 36 450 951 778 520 382 798 278 789 558 961 469 256 449 810 159 99 717 727 242 21 827 184 468 111 790 1 488 596 402 221 618 186 55 26 431 773 597 581 228 987 9 923 844 292 364 386 953 954 539 462 336 937 80 224 599 348 867 453 321 280 762 719 121 174 85 146 612 109 897 668 892 359 736 640 289 404
86 3914 984 796 669 676 782 140 433 36 450 951 778 520 382 798 278 789 558 961 469 256 449 810 159 99 717 727 242 21 827 184 468 111 790 1 488 596 402 221 618 186 55 26 431 773 597 581 228 987 9 923 844 292 364 386 953 954 539 462 336 937 80 224 599 348 867 453 321 280 762 719 121 174 85 146 612 109 897 668 892 359 736 640 289 404 279 665
88 3924 984 796 669 676 782 140 433 36 450 951 778 520 382 798 278 789 558 961 469 256 449 810 159 99 717 727 242 21 827 184 468 111 790 1 488 596 402 221 618 186 55 26 431 773 597 581 228 987 9 923 844 292 364 386 953 954 539 462 336 937 80 224 599 348 867 453 321 280 762 719 121 174 85 146 612 109 897 668 892 359 736 640 289 404 279 665 197 275
90 3925 984 796 669 676 782 140 433 36 450 951 778 520 382 798 278 789 558 961 469 256 449 810 159 99 717 727 242 21 827 184 468 111 790 1 488 596 402 221 618 186 55 26 431 773 597 581 228 987 9 923 844 292 364 386 953 954 539 462 336 937 80 224 599 348 867 453 321 280 762 719 121 174 85 146 612 109 897 668 892 359 736 640 289 404 279 665 197 275 858 106
2 251 669 676
4 494 669 676 782 140
6 704 669 676 782 140 433 36
8 905 669 676 782 140 433 36 450 951
10 1100 669 676 782 140 433 36 450 951 778 520
12 1295 669 676 782 140 433 36 450 951 778 520 382 798
14 1480 669 676 782 140 433 36 450 951 778 520 382 798 278 789
16 1656 669 676 782 140 433 36 450 951 778 520 382 798 278 789 558 961
18 1826 669 676 782 140 433 36 450 951 778 520 382 798 278 789 558 961 469 256
20 1996 669 676 782 140 433 36 450 951 778 520 382 798 278 789 558 961 469 256 449 810
