58 4298 984 796 669 676 133 198 450 951 100 778 310 519 383 634 558 961 188 638 785 848 752 387 375 578 680 739 653 761 635 932 396 92 882 614 406 52 224 120 299 756 62 477 746 846 337 570 509 102 814 121 456 675 55 201 182 161 772 314
80 925 211
80 868 653
80 816 548
80 307 566
80 240 788
80 128 743
79 807 368
79 772 834
79 755 651
79 710 662
79 619 355
79 402 293
79 175 283
79 11 624
78 998 65
78 893 499
78 893 172
78 812 568
78 613 594
78 549 835
78 388 510
78 320 318
78 282 465
78 197 254
78 117 416
77 911 153
77 877 311
77 751 411
77 747 885
77 682 930
77 510 377
77 312 780
77 217 727
77 155 831
77 119 262
77 81 24
77 11 362
76 829 480
76 805 737
76 770 668
76 727 779
76 586 217
76 512 913
76 481 546
76 384 626
76 221 326
76 178 613
76 20 879
75 905 254
75 703 501
75 699 307
75 574 299
75 551 31
75 482 436
75 166 805
75 56 574
74 845 974
74 836 109
74 827 748
74 791 88
74 651 391
74 635 267
74 602 239
74 470 956
74 468 623
74 437 779
74 436 419
74 393 726
74 363 477
74 323 702
74 312 469
74 246 89
74 224 814
74 189 356
73 930 127
73 599 98
73 557 550
73 551 80
73 545 37
73 384 728
73 318 366
73 212 779
73 149 981
72 989 882
72 696 412
72 691 43
72 644 827
72 581 790
72 459 479
72 444 65
72 419 979
72 79 922
71 997 661
71 921 475
71 916 648
71 894 95
71 813 629
71 697 882
71 488 596
71 369 456
71 302 761
71 296 41
71 243 651
71 126 223
70 768 699
70 702 905
70 662 491
70 595 956
70 557 107
70 406 483
70 328 562
70 34 88
69 995 367
69 872 888
69 790 584
69 698 414
69 651 633
69 569 613
69 557 445
69 402 221
69 275 192
69 234 386
69 112 853
69 47 48
69 41 528
68 966 87
68 758 158
68 480 544
68 214 441
68 189 820
68 92 697
67 815 719
67 774 604
67 713 268
67 666 813
67 655 551
67 618 186
67 556 959
67 438 219
67 390 293
67 344 308
67 234 511
67 82 346
66 901 615
66 747 98
66 662 257
66 620 572
66 571 797
66 510 311
66 438 415
66 407 888
66 392 181
66 118 865
66 94 901
65 850 462
65 834 84
65 374 844
65 331 766
65 297 264
65 154 586
65 55 26
64 977 457
64 929 494
64 928 849
64 923 913
64 898 679
64 873 518
64 679 741
64 567 402
64 552 972
64 507 197
64 431 773
64 379 315
64 160 427
64 142 604
64 111 911
64 10 486
63 933 192
63 812 905
63 668 568
63 613 491
63 451 201
63 251 916
63 86 298
63 52 687
62 902 538
62 582 544
62 382 536
62 317 765
62 280 396
62 278 574
62 233 586
62 215 89
62 156 960
62 92 402
62 6 506
61 917 165
61 883 199
61 865 657
61 734 493
61 609 762
61 586 535
61 554 300
61 418 293
61 334 438
61 260 655
60 993 195
60 914 800
60 906 202
60 879 931
60 873 527
60 681 360
60 606 358
60 542 448
60 428 797
60 406 984
60 117 7
60 19 911
59 989 577
59 882 327
59 865 472
59 679 90
59 662 895
59 609 871
59 601 48
59 580 851
59 543 440
59 503 268
59 457 546
59 435 418
59 131 148
59 23 444
58 955 853
58 951 898
58 884 321
58 790 507
58 766 918
58 744 417
58 645 776
58 624 511
58 617 95
58 458 668
58 449 211
58 411 488
58 400 871
58 368 997
58 305 682
58 42 786
57 835 829
57 752 188
57 597 581
57 448 332
57 359 344
57 148 792
57 44 938
57 33 764
57 20 47
56 983 597
56 941 420
56 917 67
56 878 647
56 779 997
56 665 277
56 636 81
56 622 275
56 568 58
56 380 629
56 371 404
56 357 656
56 228 987
56 122 601
56 70 731
56 16 112
55 978 319
55 886 306
55 576 585
55 565 311
55 518 442
55 510 63
55 495 122
55 333 591
55 195 941
55 121 69
55 25 67
54 951 814
54 950 295
54 884 93
54 572 24
54 554 4
54 324 913
54 277 260
54 176 977
54 166 598
53 977 110
52 696 257
52 397 996
52 92 620
51 917 685
51 890 945
51 847 97
51 818 22
51 687 753
51 413 993
51 290 634
51 263 20
51 237 294
51 9 923
50 963 565
50 919 96
50 844 292
50 777 215
50 708 553
50 553 708
50 548 783
50 487 314
50 286 545
50 257 754
50 247 435
50 35 189
50 21 343
49 984 199
49 869 834
49 582 195
49 383 722
49 247 37
48 943 787
48 847 765
48 804 344
48 792 563
48 745 656
48 526 484
48 491 466
48 201 912
48 189 311
48 127 771
48 62 531
48 57 988
47 882 826
47 732 580
47 669 701
47 597 142
47 528 536
47 528 536
47 354 935
47 316 13
46 979 988
46 972 957
46 660 92
46 599 606
46 495 549
46 415 277
46 364 386
46 341 671
46 233 781
46 222 381
46 120 439
46 58 363
45 987 552
45 872 287
45 738 826
45 552 447
45 475 586
45 412 150
45 308 404
45 119 784
45 39 48
45 4 712
44 953 954
44 907 781
44 862 409
44 539 462
44 269 961
44 62 875
43 965 194
43 910 796
43 833 155
43 752 446
43 527 805
43 472 862
43 409 786
43 369 905
43 369 222
43 365 499
43 273 508
43 244 292
43 195 376
43 123 515
42 985 627
42 741 633
42 629 704
42 575 761
42 381 978
42 286 396
42 166 408
42 130 572
42 113 786
41 959 941
41 766 612
41 650 22
41 366 645
41 326 7
41 140 451
41 49 136
40 879 384
40 573 829
40 552 368
40 469 916
40 426 12
39 867 68
39 475 591
39 466 61
39 413 598
39 336 937
39 258 86
39 239 848
38 726 606
38 704 998
38 601 475
38 592 636
38 455 909
38 429 511
38 42 142
37 994 208
37 965 386
37 875 452
37 792 811
37 553 83
37 495 47
37 228 535
37 194 3
37 43 297
36 667 188
36 573 161
36 422 644
36 397 39
36 353 519
36 62 634
35 665 584
35 618 301
35 526 488
35 446 6
35 248 681
35 244 498
35 185 383
35 80 224
34 952 206
34 939 668
34 807 993
34 380 305
33 835 209
33 804 95
33 599 348
33 388 324
33 386 194
33 332 871
33 210 422
32 867 453
32 826 47
32 795 453
32 536 380
32 370 276
32 55 477
32 29 267
31 924 5
31 646 71
31 510 642
31 483 511
31 368 996
31 363 274
31 321 280
30 994 913
30 275 51
30 254 816
30 80 364
30 3 392
29 762 719
29 530 826
29 453 0
29 388 328
28 288 981
28 195 351
27 886 687
27 536 601
27 423 381
27 419 311
27 399 170
27 362 901
27 108 531
27 58 812
26 999 380
26 819 80
26 749 872
26 365 717
26 98 616
25 614 72
25 332 376
25 121 174
24 886 750
24 872 34
24 711 347
24 489 170
24 476 717
24 71 909
23 909 867
23 693 540
23 635 500
23 342 618
23 68 352
22 899 705
22 685 180
22 615 146
22 260 972
21 859 393
21 574 192
21 420 647
21 289 339
21 238 810
21 85 146
20 979 198
20 778 281
20 634 452
20 612 109
20 437 842
20 292 416
20 150 289
19 564 639
19 508 16
19 416 270
18 589 236
18 578 891
18 503 276
18 79 807
17 982 908
17 707 264
17 601 192
17 568 865
17 141 9
17 73 280
16 621 505
16 574 302
16 496 358
16 350 361
16 347 560
16 241 215
16 2 685
15 423 825
15 399 262
15 333 901
15 179 575
14 897 668
14 486 393
14 179 857
14 164 195
14 93 968
13 940 677
13 428 984
13 242 944
13 177 64
13 90 331
12 544 955
11 894 345
10 892 359
10 801 522
10 736 640
10 725 626
10 289 404
10 279 665
10 197 275
10 166 672
9 867 291
9 176 336
8 489 891
8 202 381
7 461 289
7 139 171
6 805 148
5 768 328
3 309 956
1 858 106
