0 255 984 796
0.0000000000 251.0000000000 669 676
0.0398456571 243.0000000000 782 140
0.0095038015 235.0000000000 898 830
0.0409222948 231.0000000000 147 294
0.0510855064 230.0000000000 120 733
0.0697641375 228.0000000000 175 140
0.0000000000 227.0000000000 133 198
0.0000000000 223.0000000000 59 130
0.0200942646 218.0000000000 961 826
0.0000000000 216.0000000000 91 126
0.1108387800 213.0000000000 88 669
0.0630360531 210.0000000000 433 36
0.0329207605 206.0000000000 399 487
0.0000000000 205.0000000000 632 531
0.0000000000 201.0000000000 450 951
0.0000000000 199.0000000000 100 778
0.0121089325 195.0000000000 778 520
0.1472723312 195.0000000000 555 669
0.0916078431 195.0000000000 382 798
0.0412812787 194.0000000000 349 406
0.0000000000 193.0000000000 801 961
0.0155593487 193.0000000000 12 953
0.0865558780 191.0000000000 336 738
0.1457105089 190.0000000000 265 890
0.0248787282 188.0000000000 126 698
0.0000000000 187.0000000000 950 426
0.0000000000 186.0000000000 733 725
0.0000000000 186.0000000000 310 519
0.1421368547 186.0000000000 279 28
0.0811764706 185.0000000000 278 789
0.1617310540 182.0000000000 662 140
0.0000000000 179.0000000000 448 361
0.0582949309 179.0000000000 76 121
0.0268832551 178.0000000000 961 737
0.0000000000 177.0000000000 383 634
0.0000000000 177.0000000000 161 223
0.0000000000 176.0000000000 694 812
0.0000000000 176.0000000000 650 269
0.0000000000 176.0000000000 558 961
0.1146126200 176.0000000000 219 919
0.0853145899 176.0000000000 218 689
0.0000000000 174.0000000000 240 497
0.0113203225 173.0000000000 778 47
0.0000000000 173.0000000000 768 399
0.1698121872 172.0000000000 620 28
0.0213114754 172.0000000000 179 186
0.1286494926 172.0000000000 132 986
0.0315704686 171.0000000000 399 240
0.1857854671 170.0000000000 484 890
0.0960968858 170.0000000000 469 256
0.0586666667 170.0000000000 449 810
0.0000000000 168.0000000000 669 682
0.1428869420 168.0000000000 592 373
0.0000000000 167.0000000000 458 382
0.0000000000 166.0000000000 884 921
0.0175116713 165.0000000000 703 992
0.0174505124 164.0000000000 473 594
0.1128436063 163.0000000000 477 817
0.0000000000 163.0000000000 454 62
0.0000000000 163.0000000000 230 398
0.0000000000 161.0000000000 188 638
0.0309364548 161.0000000000 126 952
0.2058540043 160.0000000000 967 890
0.0372738011 160.0000000000 674 335
0.0000000000 160.0000000000 530 893
0.0000000000 160.0000000000 226 960
0.0000000000 159.0000000000 785 848
0.0000000000 159.0000000000 731 891
0.0423605191 159.0000000000 281 544
0.0000000000 159.0000000000 141 611
0.0000000000 158.0000000000 752 387
0.0000000000 158.0000000000 165 147
0.0000000000 158.0000000000 146 676
0.0251284980 157.0000000000 746 30
0.0000000000 157.0000000000 315 162
0.1211440294 156.0000000000 867 579
0.0802439024 155.0000000000 875 716
0.0000000000 154.0000000000 697 961
0.0000000000 154.0000000000 375 578
0.2078958723 154.0000000000 183 93
0.0609909650 153.0000000000 891 351
0.0000000000 152.0000000000 844 673
0.0151274269 152.0000000000 575 957
0.0334928230 152.0000000000 126 435
0.1300492611 151.0000000000 889 410
0.0516178885 151.0000000000 689 649
0.0000000000 151.0000000000 270 124
0.0621834907 150.0000000000 587 445
0.0925490196 150.0000000000 105 810
0.1165987187 149.0000000000 695 199
0.0424317618 148.0000000000 632 454
0.0000000000 148.0000000000 371 893
0.0000000000 146.0000000000 607 935
0.0613172950 146.0000000000 130 879
0.0776421569 145.0000000000 864 209
0.0000000000 145.0000000000 789 23
0.0000000000 145.0000000000 551 120
0.0949803922 145.0000000000 167 77
0.0966386555 144.0000000000 741 667
0.0000000000 144.0000000000 680 739
0.0789831510 143.0000000000 891 102
0.0000000000 143.0000000000 866 720
0.1576115873 143.0000000000 702 884
0.1576115873 143.0000000000 702 677
0.0000000000 143.0000000000 551 654
0.0000000000 143.0000000000 464 593
0.0000000000 143.0000000000 157 700
0.0827667751 143.0000000000 102 114
0.0000000000 143.0000000000 5 873
0.0100607497 142.0000000000 778 115
0.0398083667 142.0000000000 674 362
0.1308440757 142.0000000000 586 989
0.0000000000 142.0000000000 213 88
0.0000000000 142.0000000000 159 99
0.0000000000 141.0000000000 653 761
0.0251683502 141.0000000000 593 444
0.0000000000 141.0000000000 267 207
0.0000000000 141.0000000000 237 215
0.0000000000 141.0000000000 106 528
0.0000000000 141.0000000000 74 720
0.0331154684 141.0000000000 28 807
0.0000000000 140.0000000000 766 393
0.1113179449 140.0000000000 710 608
0.0819061802 140.0000000000 652 352
0.0895309010 140.0000000000 590 776
0.0510749477 139.0000000000 449 27
0.1009256494 139.0000000000 434 46
0.0000000000 139.0000000000 304 747
0.0684378586 138.0000000000 910 557
0.0000000000 138.0000000000 671 610
0.0000000000 137.0000000000 342 778
0.1326312622 136.0000000000 814 121
0.0000000000 136.0000000000 570 216
0.0000000000 136.0000000000 67 252
0.1114932127 135.0000000000 795 77
0.1074710910 135.0000000000 88 46
0.1836651584 135.0000000000 25 106
0.2321336761 134.0000000000 400 133
0.0914562226 134.0000000000 394 468
0.0000000000 134.0000000000 359 54
0.0586118252 134.0000000000 337 570
0.1011593326 134.0000000000 336 492
0.0000000000 134.0000000000 265 898
0.1873205983 133.0000000000 911 106
0.0000000000 133.0000000000 329 212
0.0000000000 132.0000000000 945 440
0.1103511172 132.0000000000 890 470
0.0000000000 132.0000000000 453 720
0.0774103424 131.0000000000 864 800
0.0000000000 131.0000000000 823 610
0.0000000000 131.0000000000 635 932
0.0026821091 131.0000000000 509 442
0.0332977751 131.0000000000 485 507
0.0000000000 130.0000000000 194 433
0.0000000000 129.0000000000 189 387
0.0194444444 129.0000000000 179 217
0.0000000000 129.0000000000 171 179
0.0471816925 128.0000000000 739 827
0.0711206676 128.0000000000 354 377
0.0571955153 128.0000000000 178 411
0.0552663998 127.0000000000 130 270
0.1099943389 126.0000000000 980 915
0.0652822809 126.0000000000 891 737
0.0250115794 126.0000000000 890 189
0.1584066698 126.0000000000 867 882
0.0000000000 126.0000000000 37 875
0.0720278638 125.0000000000 935 151
0.0921775026 125.0000000000 797 64
0.0134158927 125.0000000000 121 474
0.0000000000 125.0000000000 30 971
0.0000000000 125.0000000000 30 891
0.0000000000 124.0000000000 437 634
0.0956076362 124.0000000000 108 460
0.0000000000 123.0000000000 823 903
0.0803817823 123.0000000000 720 37
0.1817979043 123.0000000000 296 758
0.1207957257 123.0000000000 287 844
0.0000000000 123.0000000000 272 190
0.0971418197 123.0000000000 103 772
0.0000000000 122.0000000000 753 399
0.0986737401 122.0000000000 704 45
0.1953346856 122.0000000000 567 943
0.0459354033 122.0000000000 449 793
0.0000000000 122.0000000000 396 92
0.0000000000 122.0000000000 103 730
0.0000000000 121.0000000000 878 679
0.0000000000 121.0000000000 721 696
0.1056000000 120.0000000000 779 456
0.1174588235 120.0000000000 517 768
0.0979032680 120.0000000000 403 698
0.0000000000 120.0000000000 380 964
0.0000000000 120.0000000000 377 393
0.1134640523 120.0000000000 251 468
0.1154562092 120.0000000000 221 102
0.0000000000 120.0000000000 90 656
0.1134640523 120.0000000000 88 878
0.0000000000 119.0000000000 694 591
0.0900073398 119.0000000000 452 457
0.0000000000 119.0000000000 381 434
0.1482384398 119.0000000000 361 880
0.0000000000 119.0000000000 255 88
0.1630657625 118.0000000000 666 121
0.1287494086 118.0000000000 591 941
0.2713136729 118.0000000000 540 733
0.0211953950 118.0000000000 377 555
0.0000000000 118.0000000000 197 62
0.0748471432 117.0000000000 950 365
0.0929791271 117.0000000000 756 457
0.0000000000 117.0000000000 717 727
0.2732816783 117.0000000000 541 703
0.0000000000 117.0000000000 530 821
0.0874288425 117.0000000000 498 514
0.0000000000 117.0000000000 410 144
0.0661764706 117.0000000000 242 21
0.0196869070 117.0000000000 179 958
0.0000000000 117.0000000000 78 749
0.1216901855 116.0000000000 509 102
0.2487183553 116.0000000000 435 137
0.0000000000 116.0000000000 415 431
0.0088420274 116.0000000000 226 934
0.0000000000 115.0000000000 882 614
0.3048807631 115.0000000000 827 184
0.2772178060 115.0000000000 770 733
0.0777106518 115.0000000000 517 521
0.0279332273 115.0000000000 513 413
0.1073873874 115.0000000000 400 64
0.0555961844 115.0000000000 135 316
0.0321377331 114.0000000000 940 236
0.0380891652 114.0000000000 857 229
0.0000000000 114.0000000000 445 903
0.0000000000 114.0000000000 289 845
0.0319693095 113.0000000000 676 261
0.0290707587 113.0000000000 418 855
0.0305147059 113.0000000000 147 747
0.1805573316 113.0000000000 143 989
0.0823476130 113.0000000000 105 78
0.0000000000 112.0000000000 942 552
0.1041673345 112.0000000000 855 389
0.0086392050 112.0000000000 484 400
0.0000000000 112.0000000000 404 120
0.1816350584 111.0000000000 888 199
0.0273384764 111.0000000000 746 846
0.1075699132 111.0000000000 679 500
0.0000000000 111.0000000000 571 679
0.2149362477 111.0000000000 330 884
0.1330325007 110.0000000000 950 705
0.0691055600 110.0000000000 791 444
0.0000000000 110.0000000000 665 679
0.1129411765 110.0000000000 658 717
0.1520333065 110.0000000000 508 332
0.1629653505 110.0000000000 456 675
0.0000000000 110.0000000000 418 595
0.0000000000 110.0000000000 406 52
0.0320672478 110.0000000000 250 99
0.1520333065 110.0000000000 16 77
0.0637524240 109.0000000000 942 508
0.1803921569 109.0000000000 906 553
0.1967194570 109.0000000000 772 314
0.1009696186 109.0000000000 519 899
0.0000000000 109.0000000000 453 824
0.0341736695 109.0000000000 248 855
0.0371040724 109.0000000000 232 637
0.0000000000 108.0000000000 826 421
0.0840544482 108.0000000000 797 80
0.0000000000 108.0000000000 255 19
0.1139577594 108.0000000000 119 883
0.1843677416 108.0000000000 52 458
0.1487603306 108.0000000000 24 85
0.1038674033 107.0000000000 936 37
0.0281226303 107.0000000000 919 868
0.0000000000 107.0000000000 879 519
0.1134817463 107.0000000000 734 719
0.0456721915 107.0000000000 269 569
0.0550319575 107.0000000000 265 251
0.1335229119 107.0000000000 212 234
0.1906998158 107.0000000000 182 161
0.0534930552 107.0000000000 126 568
0.0000000000 107.0000000000 121 144
0.3005159959 106.0000000000 810 59
0.0000000000 106.0000000000 480 283
0.1188854489 106.0000000000 174 541
0.0000000000 106.0000000000 32 393
0.0183823529 105.0000000000 638 618
0.0000000000 105.0000000000 454 393
0.1278551532 104.0000000000 921 854
0.0000000000 104.0000000000 885 590
0.2223660495 104.0000000000 853 914
0.0000000000 104.0000000000 558 204
0.0000000000 104.0000000000 516 673
0.0070129445 104.0000000000 458 92
0.0914304440 104.0000000000 153 411
0.0000000000 104.0000000000 30 119
0.0602475627 103.0000000000 859 309
0.1039270457 103.0000000000 731 983
0.2547486034 103.0000000000 413 912
0.0155931646 103.0000000000 62 477
0.0852254627 102.0000000000 988 459
0.0978744439 102.0000000000 960 152
0.0697533916 102.0000000000 872 885
0.0000000000 102.0000000000 299 756
0.0000000000 102.0000000000 224 120
0.0000000000 101.0000000000 777 662
0.0000000000 101.0000000000 392 212
0.1489755453 101.0000000000 319 612
0.0848149372 101.0000000000 251 169
0.1202908130 101.0000000000 69 777
0.1663361974 101.0000000000 55 201
0.1202908130 101.0000000000 53 926
0.0000000000 101.0000000000 51 843
0.1217398509 100.0000000000 988 781
0.0103893952 100.0000000000 712 922
0.0165479149 100.0000000000 593 266
0.1139188070 100.0000000000 515 899
0.0256338028 100.0000000000 504 110
0.2000828500 100.0000000000 419 199
0.1791549296 100.0000000000 260 326
0.0190886495 100.0000000000 247 972
0.0000000000 99.0000000000 827 935
0.0000000000 99.0000000000 801 462
0.0542760607 99.0000000000 769 98
0.0000000000 99.0000000000 324 479
0.1206743321 98.0000000000 738 32
0.1367605399 98.0000000000 724 13
0.0213964339 98.0000000000 532 153
0.0376603899 98.0000000000 464 118
0.1187135477 98.0000000000 136 992
0.0000000000 98.0000000000 26 300
0.1300802139 97.0000000000 982 165
0.0000000000 97.0000000000 594 358
0.0831495098 97.0000000000 450 959
0.0000000000 96.0000000000 965 727
0.1855762248 96.0000000000 947 880
0.0000000000 96.0000000000 825 407
0.0000000000 96.0000000000 549 382
0.1631193788 96.0000000000 459 371
0.2622926094 96.0000000000 311 738
0.1210084034 95.0000000000 572 899
0.1538151261 95.0000000000 360 615
0.0000000000 95.0000000000 270 949
0.1887746503 94.0000000000 977 675
0.1243890106 94.0000000000 743 430
0.0010618574 94.0000000000 557 666
0.1426428451 94.0000000000 549 386
0.1773414237 94.0000000000 419 760
0.1323894601 94.0000000000 266 79
0.2004887915 94.0000000000 228 523
0.0208326310 94.0000000000 22 927
0.1633254451 93.0000000000 992 787
0.1218559838 93.0000000000 963 514
0.2731124634 93.0000000000 815 912
