166 6415 984 796 669 676 133 198 450 951 100 778 310 519 383 634 558 961 188 638 785 848 752 387 375 578 680 739 653 761 635 932 396 92 882 614 406 52 224 120 299 756 62 477 746 846 337 570 509 102 814 121 456 675 55 201 182 161 772 314 925 211 816 548 217 727 481 546 459 479 234 511 901 615 154 586 431 773 160 427 542 448 503 268 884 321 766 918 597 581 228 987 495 122 950 295 554 4 777 215 582 195 847 765 127 771 316 13 233 781 39 48 369 905 381 978 326 7 140 451 879 384 194 3 618 301 58 812 819 80 489 170 71 909 574 192 564 639 707 264 141 9 897 668 940 677 177 64 736 640 279 665 197 275 176 336 461 289 139 171 805 148 768 328 309 956 858 106
91 976 137
91 902 253
91 886 774
91 865 593
91 742 885
91 643 598
91 621 707
91 574 55
91 561 510
91 453 20
91 439 534
91 401 98
91 282 102
91 270 829
91 267 431
91 240 251
91 142 326
90 904 864
90 835 15
90 833 507
90 776 201
90 709 593
90 629 65
90 585 881
90 516 741
90 458 309
90 456 790
90 400 972
90 340 495
90 263 738
90 256 718
90 137 580
90 123 235
89 991 623
89 921 476
89 845 935
89 845 556
89 796 479
89 792 889
89 643 980
89 556 166
89 514 714
89 2 353
88 972 202
88 892 249
88 655 989
88 641 538
88 625 411
88 554 970
88 500 567
88 468 111
88 374 105
88 311 79
88 129 567
87 996 314
87 975 488
87 868 238
87 788 266
87 743 363
87 536 149
87 531 142
87 483 376
87 443 836
87 424 101
87 309 653
87 222 942
87 189 975
87 176 2
87 161 606
87 69 46
86 923 568
86 745 438
86 727 645
86 709 672
86 689 311
86 517 747
86 425 973
86 269 173
86 264 597
86 194 289
86 149 722
86 144 935
85 910 888
85 653 777
85 644 571
85 130 681
85 123 71
85 113 730
85 108 123
85 53 925
84 997 895
84 965 390
84 131 236
84 122 426
84 100 310
84 55 970
83 981 891
83 949 526
83 928 565
83 754 265
83 681 734
83 595 513
83 561 247
83 293 952
83 275 586
83 274 828
83 151 25
83 92 459
82 989 323
82 967 803
82 794 48
82 791 958
82 577 277
82 526 814
82 374 389
82 372 576
82 118 735
82 118 675
82 105 266
82 105 110
82 3 626
81 790 1
81 718 110
81 671 645
81 591 803
81 448 159
81 419 731
81 341 821
81 163 336
