255 984 796
251 669 676
249 225 304
246 320 703
245 453 392
243 782 140
239 752 456
235 898 830
232 795 589
231 147 294
230 120 733
229 796 789
229 717 453
228 733 875
228 175 140
227 133 198
224 736 87
223 59 130
221 963 102
221 29 680
219 910 93
218 961 826
218 640 618
216 91 126
214 618 30
214 1 395
213 107 796
213 88 669
212 752 743
212 279 671
212 220 235
211 169 713
210 698 529
210 433 36
209 387 213
209 44 794
208 763 744
208 382 984
207 984 357
207 884 875
206 399 487
205 632 531
204 736 696
204 87 455
204 78 99
203 906 145
203 716 177
203 714 307
202 354 80
201 643 860
201 450 951
200 254 215
200 240 904
200 193 152
199 158 484
199 100 778
197 379 612
197 104 875
196 86 217
195 778 520
195 640 686
195 555 669
195 382 798
195 40 468
194 964 100
194 733 808
194 526 983
194 349 406
193 801 961
193 453 200
193 139 665
193 12 953
191 964 520
191 821 415
191 336 738
191 99 619
191 81 314
190 733 97
190 641 58
190 534 922
190 386 467
190 265 890
190 167 880
189 172 661
189 145 591
189 86 952
188 763 904
188 577 691
188 428 342
188 159 975
188 126 698
188 18 820
187 950 426
187 648 67
186 881 432
186 733 725
186 406 271
186 310 519
186 279 28
185 946 816
185 856 386
185 677 291
185 389 250
185 362 559
185 278 789
184 935 406
184 504 990
184 427 213
183 878 649
183 736 831
183 624 354
183 541 320
183 359 699
182 947 584
182 794 441
182 662 140
182 656 992
182 628 905
182 359 273
182 240 261
182 205 590
181 927 705
181 385 741
181 62 515
180 946 680
180 534 738
180 502 983
180 329 875
180 313 962
179 448 361
179 112 218
179 76 121
178 961 737
178 932 226
178 855 234
178 53 361
177 459 829
177 383 634
177 161 223
177 51 78
177 36 191
176 945 717
176 727 415
176 694 812
176 650 269
176 558 961
176 410 533
176 219 919
176 218 689
176 175 918
175 837 525
175 474 354
175 153 629
175 62 923
174 867 976
174 848 557
174 640 253
174 240 497
174 58 950
174 28 702
174 8 742
173 952 760
173 881 917
173 778 47
173 768 399
173 729 440
173 581 562
172 966 795
172 888 772
172 887 124
172 796 742
172 780 81
172 620 28
172 502 922
172 371 99
172 234 555
172 186 942
172 179 186
172 132 986
172 20 359
171 399 240
171 326 479
171 282 131
171 116 739
170 708 860
170 623 744
170 484 890
170 476 917
170 469 256
170 449 810
170 236 990
170 217 362
170 209 821
170 135 649
169 845 16
169 587 533
169 307 940
169 163 712
169 4 207
168 985 175
168 810 119
168 669 682
168 592 373
168 591 194
168 456 451
168 408 730
168 159 212
168 68 688
168 3 273
167 786 184
167 737 306
167 729 347
167 688 905
167 458 382
167 417 496
167 356 866
167 253 30
167 115 432
167 68 526
166 915 281
166 884 921
166 865 986
166 729 785
166 729 360
166 520 475
166 239 223
165 845 931
165 773 619
165 703 992
165 467 498
165 379 166
165 56 209
165 46 761
164 951 116
164 946 867
164 501 254
164 473 594
164 451 724
164 116 68
164 20 761
163 934 346
163 787 149
163 738 814
163 639 87
163 530 264
163 477 817
163 454 62
163 230 398
162 699 472
162 670 990
162 566 903
162 559 978
162 115 173
161 835 585
161 188 638
161 178 849
161 126 952
160 967 890
160 819 993
160 674 335
160 566 365
160 530 893
160 498 500
160 456 150
160 335 198
160 241 615
160 226 960
160 186 452
160 73 724
160 25 343
159 785 848
159 731 891
159 689 983
159 588 326
159 559 924
159 460 480
159 410 307
159 281 544
159 207 26
159 141 611
159 27 512
158 992 535
158 965 81
158 794 74
158 769 22
158 752 387
158 751 158
158 566 257
158 530 67
158 199 788
158 194 393
158 165 147
158 146 676
158 17 895
157 944 512
157 880 452
157 746 30
157 662 930
157 444 225
157 380 992
157 315 162
157 268 902
157 61 731
157 9 508
156 914 429
156 867 579
156 812 47
156 679 424
156 581 328
156 386 636
156 224 158
155 927 66
155 875 716
155 856 267
155 842 449
155 629 280
155 520 987
155 455 396
155 324 795
155 202 152
155 179 183
155 112 881
154 818 625
154 764 177
154 697 961
154 423 980
154 375 578
154 268 494
154 239 600
154 183 93
153 998 778
153 891 351
153 886 512
153 632 187
153 572 375
153 489 589
153 450 666
153 412 155
153 379 72
153 309 777
153 36 873
152 844 673
152 811 714
152 575 957
152 529 355
152 360 628
152 204 201
152 126 435
151 927 819
151 896 18
151 889 410
151 731 80
151 689 649
151 622 224
151 418 200
151 270 124
151 174 369
150 976 745
150 945 861
150 685 105
150 649 323
150 587 445
150 507 845
150 217 615
150 105 810
150 92 5
149 976 393
149 974 471
149 844 533
149 810 883
149 809 963
149 695 199
149 685 49
149 555 405
149 506 473
149 418 894
149 357 965
149 138 854
149 86 162
149 29 420
148 989 491
148 960 867
148 875 488
148 848 583
148 774 585
148 770 535
148 769 764
148 632 454
148 466 492
148 371 893
148 317 992
148 300 520
148 292 209
148 263 244
148 93 820
147 997 149
147 920 827
147 663 362
147 395 228
147 316 190
147 142 338
147 94 854
147 61 909
147 23 769
146 974 288
146 901 286
146 899 864
146 837 467
146 761 957
146 662 882
146 624 277
146 607 935
146 607 241
146 468 363
146 344 595
146 130 879
146 130 388
146 51 218
145 864 209
145 789 23
145 717 996
145 624 490
145 609 756
145 551 120
145 517 352
145 469 436
145 446 209
145 343 758
145 309 262
145 266 794
145 167 77
145 166 175
144 873 504
144 741 667
144 699 872
144 680 739
144 639 256
144 537 507
144 463 507
144 171 62
143 915 393
143 891 102
143 866 720
143 859 897
143 718 941
143 718 711
143 702 884
143 702 677
143 551 654
143 464 593
143 173 975
143 157 700
143 102 114
143 5 873
142 871 944
142 851 96
142 778 115
142 674 362
142 586 989
142 560 820
142 508 877
142 272 489
142 213 88
142 187 951
142 185 838
142 159 99
141 978 991
141 653 761
141 593 444
141 540 957
141 267 207
141 240 621
141 237 215
141 106 528
141 74 720
141 28 807
141 4 611
140 811 851
140 766 393
140 710 608
140 652 352
140 633 993
140 616 64
140 590 776
140 437 880
140 377 631
140 358 597
140 39 597
139 994 172
139 926 623
139 888 721
139 747 301
139 690 120
139 679 667
139 610 887
139 529 673
139 489 366
139 449 27
139 434 46
139 424 436
139 304 747
139 274 919
139 270 713
139 166 599
139 87 833
138 998 371
138 910 557
138 850 109
138 750 548
138 682 504
138 671 610
138 629 708
138 284 681
138 264 35
138 263 599
138 209 949
138 85 231
137 853 899
137 793 193
137 748 454
137 725 592
137 538 32
137 479 969
137 414 632
137 342 778
137 233 858
137 217 269
137 119 589
136 940 852
136 883 624
136 873 730
136 814 121
136 713 303
136 661 811
136 570 216
136 485 658
136 67 252
136 38 522
136 18 237
135 997 904
135 795 77
135 640 339
135 562 595
135 474 796
135 376 726
135 239 780
135 211 735
135 160 196
135 88 46
135 43 306
135 25 106
134 888 458
134 807 633
134 400 133
134 394 468
134 388 772
134 359 54
134 337 570
134 336 492
134 265 898
134 244 281
133 911 106
133 833 89
133 770 878
133 702 383
133 663 852
133 329 212
133 322 912
133 312 415
133 307 403
133 130 2
132 980 203
132 945 440
132 926 879
132 890 470
132 488 742
132 477 590
132 453 720
132 437 664
132 385 814
132 365 90
131 943 193
131 867 702
131 864 800
131 830 999
131 823 610
131 635 932
131 509 442
131 485 507
131 367 952
131 354 124
131 326 576
131 125 507
130 629 925
130 505 706
130 438 725
130 402 939
130 194 433
129 931 933
129 888 839
129 825 226
129 823 507
129 814 96
129 662 437
129 652 210
129 285 403
129 189 387
129 179 217
129 176 870
129 171 179
129 114 152
129 18 47
129 9 302
128 953 870
128 948 240
128 739 827
128 644 584
128 618 296
128 407 235
128 354 377
128 257 331
128 229 317
128 193 609
128 178 411
128 148 176
127 926 21
127 475 344
127 264 802
127 247 429
127 130 270
127 85 92
127 63 60
126 980 915
126 891 737
126 891 113
126 890 189
126 867 882
126 801 234
126 787 535
126 678 660
126 595 870
126 418 718
126 212 40
126 56 931
126 37 875
125 935 151
125 797 64
125 778 847
125 628 825
125 568 32
125 499 142
125 331 642
125 121 474
125 115 351
125 105 299
125 30 971
125 30 891
124 874 225
124 818 422
124 621 896
124 437 634
124 380 190
124 197 618
124 125 993
124 111 389
124 108 460
123 823 903
123 735 732
123 720 37
123 575 312
123 564 190
123 296 758
123 287 844
123 272 190
123 135 668
123 103 772
123 39 824
122 814 801
122 753 399
122 704 45
122 584 898
122 567 943
122 489 339
122 449 793
122 396 92
122 230 751
122 176 606
122 103 730
122 39 82
121 878 679
121 721 696
121 495 462
121 442 726
121 313 924
120 779 456
120 517 768
120 403 698
120 380 964
120 377 393
120 251 468
120 221 102
120 90 656
120 88 878
119 967 593
119 694 591
119 452 457
119 381 434
119 365 956
119 364 434
119 361 880
119 255 88
119 248 803
118 978 750
118 726 722
118 666 121
118 641 441
118 638 132
118 591 941
118 540 733
118 377 555
118 296 188
118 197 62
118 73 51
117 950 365
117 756 457
117 717 727
117 707 668
117 541 703
117 530 821
117 526 635
117 498 514
117 410 144
117 242 21
117 218 127
117 179 958
117 156 499
117 119 897
117 78 749
116 925 71
116 910 646
116 574 723
116 509 102
116 435 137
116 415 431
116 226 934
115 998 421
115 962 150
115 929 614
115 882 614
115 870 180
115 827 184
115 770 733
115 630 368
115 574 708
115 517 521
115 513 413
115 501 685
115 459 248
115 400 64
115 367 618
115 313 485
115 228 225
115 135 316
114 940 236
114 857 229
114 494 853
114 445 903
114 315 305
114 309 594
114 289 845
114 216 554
114 202 160
114 197 378
114 183 668
114 168 584
114 132 123
114 113 882
113 676 261
113 418 855
113 342 118
113 147 747
113 143 989
113 105 78
112 972 163
112 942 552
112 882 182
112 855 389
112 853 943
112 560 624
112 484 400
112 476 616
112 404 120
112 277 189
111 888 199
111 746 846
111 679 500
111 659 387
111 650 365
111 617 750
111 571 679
111 527 56
111 496 331
111 330 884
111 293 920
110 950 705
110 791 444
110 665 679
110 658 717
110 622 960
110 596 51
110 508 332
110 456 675
110 418 595
110 406 52
110 250 99
110 107 981
110 73 544
110 16 77
109 942 508
109 934 269
109 906 553
109 853 238
109 772 314
109 636 463
109 519 899
109 453 824
109 349 595
109 248 855
109 232 637
109 33 283
108 826 421
108 797 80
108 597 353
108 568 44
108 340 814
108 255 19
108 119 883
108 52 458
108 24 85
107 964 997
107 942 538
107 936 37
107 919 868
107 879 519
107 770 311
107 770 24
107 734 719
107 269 569
107 265 251
107 228 989
107 212 234
107 182 161
107 178 311
107 126 568
107 121 144
106 838 652
106 810 59
106 797 760
106 655 466
106 480 283
106 233 475
106 174 541
106 174 493
106 148 917
106 32 393
105 638 618
105 605 535
105 551 747
105 502 697
105 454 393
105 248 979
105 17 263
104 935 576
104 921 854
104 885 590
104 853 914
104 797 602
104 558 204
104 516 673
104 458 92
104 153 411
104 30 119
104 2 211
104 1 339
103 935 98
103 859 309
103 776 423
103 731 983
103 413 912
103 62 477
103 33 37
102 998 144
102 988 459
102 960 152
102 872 885
102 413 426
102 299 756
102 224 120
102 131 46
101 960 972
101 923 901
101 886 434
101 777 662
101 496 843
101 392 212
101 319 612
101 251 169
101 210 554
101 158 150
101 69 777
101 55 201
101 53 926
101 51 843

