255 984 796
100 988 781
100 804 142
100 766 406
100 712 922
100 606 471
100 593 266
100 515 899
100 504 110
100 431 328
100 419 199
100 268 141
100 260 326
100 247 972
100 137 460
100 98 173
99 827 935
99 801 462
99 769 98
99 448 506
99 324 479
99 222 350
98 868 175
98 793 485
98 738 32
98 724 13
98 595 958
98 532 153
98 464 118
98 431 422
98 416 96
98 136 992
98 56 486
98 26 300
97 982 165
97 834 791
97 719 687
97 715 447
97 599 297
97 594 358
97 450 959
97 396 722
97 219 110
97 165 394
97 130 868
97 31 38
96 965 727
96 947 880
96 825 407
96 779 663
96 759 120
96 616 139
96 579 557
96 549 382
96 459 371
96 311 738
96 56 297
95 856 576
95 572 899
95 434 153
95 360 615
95 270 949
95 231 531
95 98 367
95 54 221
94 977 675
94 743 430
94 557 666
94 549 386
94 482 943
94 419 760
94 371 10
94 266 79
94 253 843
94 228 523
94 48 928
94 22 927
93 992 787
93 963 514
93 815 912
93 565 268
93 537 146
93 360 795
93 272 633
93 198 750
93 4 43
92 896 108
92 885 37
92 735 266
92 684 97
92 656 43
92 635 881
92 621 371
92 570 582
92 461 659
92 41 69
92 36 381
91 976 137
91 902 253
91 886 774
91 865 593
91 742 885
91 643 598
91 621 707
91 574 55
91 561 510
91 453 20
91 439 534
91 401 98
91 282 102
91 270 829
91 267 431
91 240 251
91 142 326
90 904 864
90 835 15
90 833 507
90 776 201
90 709 593
90 629 65
90 585 881
90 516 741
90 458 309
90 456 790
90 400 972
90 340 495
90 263 738
90 256 718
90 137 580
90 123 235
89 991 623
89 921 476
89 845 935
89 845 556
89 796 479
89 792 889
89 643 980
89 556 166
89 514 714
89 2 353
88 972 202
88 892 249
88 655 989
88 641 538
88 625 411
88 554 970
88 500 567
88 468 111
88 374 105
88 311 79
88 129 567
87 996 314
87 975 488
87 868 238
87 788 266
87 743 363
87 536 149
87 531 142
87 483 376
87 443 836
87 424 101
87 309 653
87 222 942
87 189 975
87 176 2
87 161 606
87 69 46
86 923 568
86 745 438
86 727 645
86 709 672
86 689 311
86 517 747
86 425 973
86 269 173
86 264 597
86 194 289
86 149 722
86 144 935
85 910 888
85 653 777
85 644 571
85 130 681
85 123 71
85 113 730
85 108 123
85 53 925
84 997 895
84 965 390
84 131 236
84 122 426
84 100 310
84 55 970
83 981 891
83 949 526
83 928 565
83 754 265
83 681 734
83 595 513
83 561 247
83 293 952
83 275 586
83 274 828
83 151 25
83 92 459
82 989 323
82 967 803
82 794 48
82 791 958
82 577 277
82 526 814
82 374 389
82 372 576
82 118 735
82 118 675
82 105 266
82 105 110
82 3 626
81 790 1
81 718 110
81 671 645
81 591 803
81 448 159
81 419 731
81 341 821
81 163 336
