134 394 468
153 450 666
128 178 411
168 669 682
59 457 546
142 560 820
59 435 418
104 153 411
191 99 619
155 112 881
66 118 865
76 20 879
160 967 890
56 228 987
69 698 414
140 616 64
116 415 431
35 618 301
5 768 328
45 39 48
108 826 421
78 282 465
59 131 148
202 354 80
95 54 221
132 385 814
42 629 704
160 186 452
164 946 867
165 703 992
57 359 344
111 650 365
126 891 737
45 4 712
105 551 747
13 242 944
142 159 99
211 169 713
170 449 810
111 617 750
47 528 536
135 562 595
81 718 110
139 449 27
146 51 218
194 349 406
246 320 703
151 689 649
56 917 67
55 333 591
139 690 120
180 534 738
104 885 590
144 463 507
60 879 931
191 964 520
140 710 608
171 326 479
186 881 432
74 651 391
17 601 192
134 888 458
132 945 440
137 414 632
39 336 937
43 369 222
193 801 961
172 796 742
126 56 931
107 269 569
165 467 498
147 663 362
89 643 980
62 902 538
67 713 268
115 827 184
89 921 476
115 770 733
137 725 592
69 402 221
201 450 951
32 795 453
123 575 312
50 844 292
62 6 506
42 130 572
172 780 81
76 384 626
153 36 873
40 469 916
30 994 913
97 165 394
150 507 845
13 90 331
140 766 393
109 853 238
37 875 452
67 815 719
95 360 615
101 319 612
186 733 725
188 159 975
144 699 872
46 364 386
11 894 345
128 618 296
120 251 468
91 902 253
63 251 916
147 395 228
34 807 993
87 788 266
115 228 225
68 966 87
39 867 68
101 496 843
10 736 640
129 662 437
55 121 69
73 384 728
117 498 514
169 163 712
74 635 267
129 9 302
75 166 805
12 544 955
72 989 882
212 752 743
129 814 96
127 264 802
113 418 855
118 591 941
40 552 368
165 56 209
176 175 918
139 926 623
29 762 719
32 29 267
90 904 864
15 179 575
101 923 901
158 530 67
138 910 557
249 225 304
110 73 544
87 536 149
25 121 174
64 507 197
87 868 238
64 929 494
31 321 280
58 368 997
140 652 352
45 412 150
41 650 22
105 605 535
121 878 679
105 638 618
60 406 984
172 179 186
173 778 47
76 178 613
97 130 868
122 103 730
154 268 494
168 591 194
160 498 500
245 453 392
178 961 737
89 792 889
36 667 188
163 738 814
161 188 638
108 119 883
163 454 62
160 241 615
141 540 957
45 738 826
82 105 110
127 475 344
94 48 928
167 786 184
135 997 904
82 3 626
20 612 109
51 290 634
116 574 723
102 988 459
125 499 142
143 5 873
176 558 961
83 754 265
29 388 328
130 402 939
77 119 262
73 318 366
77 682 930
112 277 189
132 890 470
66 662 257
132 437 664
127 130 270
83 681 734
106 32 393
113 342 118
182 240 261
35 80 224
43 365 499
55 978 319
195 640 686
83 275 586
90 709 593
117 156 499
45 552 447
48 201 912
186 406 271
171 116 739
65 297 264
49 383 722
104 1 339
14 486 393
62 278 574
59 882 327
51 9 923
27 399 170
82 526 814
51 263 20
70 702 905
76 586 217
74 246 89
90 123 235
79 772 834
106 480 283
10 289 404
74 470 956
118 638 132
153 891 351
93 272 633
60 428 797
91 865 593
68 92 697
206 399 487
50 777 215
168 456 451
122 584 898
148 292 209
132 477 590
114 197 378
69 995 367
94 266 79
91 643 598
1 858 106
130 438 725
94 253 843
15 333 901
77 81 24
56 122 601
117 78 749
92 36 381
143 866 720
78 549 835
93 815 912
170 469 256
38 429 511
76 770 668
87 743 363
190 534 922
78 117 416
93 992 787
168 985 175
137 119 589
147 142 338
251 669 676
90 263 738
64 977 457
138 209 949
92 656 43
27 536 601
106 174 493
54 950 295
129 189 387
132 488 742
83 949 526
81 419 731
152 126 435
50 487 314
33 835 209
70 557 107
142 871 944
78 320 318
108 24 85
64 379 315
114 202 160
87 483 376
140 377 631
143 915 393
133 702 383
157 61 731
117 950 365
111 679 500
82 374 389
113 143 989
101 251 169
158 146 676
108 340 814
87 222 942
146 761 957
15 399 262
44 539 462
62 382 536
139 434 46
28 195 351
56 779 997
64 431 773
73 599 98
10 801 522
117 717 727
148 300 520
155 842 449
197 104 875
164 473 594
155 455 396
119 255 88
57 44 938
119 365 956
141 106 528
174 240 497
73 557 550
85 644 571
139 610 887
139 424 436
23 909 867
7 461 289
21 289 339
47 354 935
152 204 201
77 747 885
151 927 819
97 219 110
123 135 668
60 914 800
50 286 545
167 737 306
146 624 277
118 978 750
68 189 820
138 263 599
95 98 367
135 795 77
72 419 979
167 253 30
172 132 986
30 275 51
96 825 407
187 950 426
122 753 399
142 272 489
243 782 140
138 85 231
43 527 805
33 599 348
83 274 828
153 572 375
125 30 971
123 720 37
146 344 595
61 418 293
86 149 722
30 80 364
89 514 714
45 872 287
175 837 525
108 255 19
152 360 628
80 128 743
61 883 199
128 407 235
182 794 441
83 151 25
73 149 981
66 510 311
115 135 316
66 571 797
204 87 455
169 587 533
27 886 687
216 91 126
151 418 200
44 953 954
177 161 223
116 435 137
149 695 199
145 343 758
92 885 37
100 98 173
48 745 656
136 38 522
139 888 721
110 791 444
56 636 81
57 448 332
130 194 433
179 112 218
140 811 851
78 388 510
66 407 888
108 568 44
14 164 195
110 950 705
72 581 790
78 197 254
106 174 541
24 711 347
173 952 760
142 185 838
124 380 190
8 489 891
159 410 307
122 489 339
107 121 144
81 790 1
165 379 166
126 418 718
140 590 776
47 528 536
66 438 415
157 880 452
140 39 597
81 591 803
175 153 629
149 357 965
71 488 596
87 176 2
193 12 953
60 873 527
55 510 63
132 365 90
99 801 462
97 594 358
117 218 127
115 517 521
228 733 875
210 433 36
152 844 673
195 40 468
17 141 9
69 569 613
89 845 556
73 545 37
176 410 533
42 741 633
100 247 972
86 144 935
51 890 945
79 710 662
141 4 611
64 928 849
55 495 122
149 506 473
46 58 363
111 888 199
30 254 816
36 353 519
78 812 568
123 735 732
185 278 789
185 856 386
141 267 207
137 853 899
160 819 993
139 270 713
21 85 146
136 67 252
47 597 142
170 708 860
39 258 86
161 178 849
132 453 720
172 888 772
145 551 120
45 987 552
81 671 645
58 400 871
50 21 343
157 380 992
156 867 579
112 476 616
207 984 357
134 336 492
82 372 576
46 599 606
65 55 26
30 3 392
71 697 882
163 530 264
109 232 637
107 265 251
10 892 359
29 453 0
147 61 909
51 917 685
10 279 665
56 983 597
64 111 911
170 135 649
185 362 559
43 369 905
88 311 79
50 919 96
100 766 406
17 982 908
116 910 646
114 494 853
38 601 475
67 666 813
123 296 758
155 629 280
16 347 560
56 380 629
129 888 839
117 410 144
70 328 562
92 684 97
103 776 423
91 282 102
210 698 529
151 270 124
115 459 248
152 575 957
77 155 831
137 748 454
163 934 346
57 597 581
94 743 430
33 804 95
92 635 881
118 641 441
71 126 223
84 965 390
143 702 677
52 696 257
51 847 97
10 197 275
164 501 254
110 406 52
74 602 239
136 661 811
99 769 98
110 418 595
162 115 173
142 508 877
126 891 113
44 269 961
60 681 360
103 33 37
144 537 507
99 324 479
147 316 190
227 133 198
83 561 247
67 655 551
122 176 606
170 236 990
146 468 363
54 572 24
212 220 235
138 750 548
39 239 848
54 277 260
0 83 83
139 747 301
34 939 668
124 125 993
77 217 727
83 928 565
110 16 77
67 390 293
17 73 280
144 171 62
98 416 96
107 942 538
67 618 186
75 699 307
176 945 717
72 644 827
119 381 434
195 382 798
80 868 653
188 428 342
61 609 762
139 529 673
81 448 159
84 122 426
73 551 80
84 100 310
155 520 987
137 479 969
17 707 264
167 458 382
96 311 738
117 242 21
56 357 656
145 166 175
86 269 173
91 976 137
61 554 300
213 107 796
48 792 563
255 984 796
50 553 708
169 4 207
122 704 45
148 774 585
112 855 389
45 475 586
158 566 257
145 609 756
18 79 807
159 141 611
167 688 905
46 495 549
159 588 326
72 696 412
34 952 206
74 363 477
190 265 890
90 835 15
90 629 65
32 867 453
208 763 744
38 455 909
111 293 920
123 39 824
139 274 919
31 368 996
188 18 820
111 496 331
90 340 495
129 285 403
37 792 811
172 887 124
143 551 654
160 73 724
56 941 420
149 418 894
87 531 142
71 997 661
131 485 507
174 640 253
164 451 724
109 519 899
112 972 163
133 770 878
75 482 436
125 935 151
38 592 636
221 963 102
155 927 66
91 886 774
65 154 586
50 708 553
82 989 323
90 456 790
104 921 854
170 484 890
118 73 51
145 469 436
133 307 403
58 617 95
143 702 884
15 423 825
93 4 43
145 167 77
208 382 984
163 787 149
52 92 620
159 731 891
172 186 942
94 557 666
149 29 420
131 367 952
37 194 3
109 248 855
81 341 821
100 988 781
177 51 78
59 679 90
120 380 964
156 224 158
174 8 742
57 20 47
74 312 469
23 68 352
112 942 552
156 914 429
14 897 668
143 173 975
118 540 733
37 228 535
160 674 335
119 967 593
88 468 111
119 452 457
158 794 74
105 502 697
109 772 314
195 778 520
39 475 591
168 68 688
70 34 88
76 221 326
218 640 618
66 901 615
98 26 300
127 926 21
96 616 139
36 62 634
54 951 814
197 379 612
200 240 904
118 726 722
148 848 583
204 78 99
158 165 147
87 161 606
148 989 491
109 942 508
146 130 879
133 911 106
133 663 852
209 44 794
20 778 281
135 43 306
123 103 772
76 512 913
172 234 555
199 158 484
58 411 488
213 88 669
179 76 121
111 330 884
60 993 195
126 678 660
3 309 956
162 559 978
66 392 181
92 570 582
22 899 705
27 108 531
148 263 244
95 856 576
146 901 286
24 476 717
39 466 61
107 228 989
229 717 453
104 516 673
55 25 67
149 844 533
17 568 865
24 489 170
101 777 662
207 884 875
125 628 825
223 59 130
16 2 685
97 450 959
166 520 475
143 464 593
182 205 590
174 58 950
48 57 988
138 264 35
161 126 952
159 27 512
21 859 393
138 998 371
26 749 872
194 526 983
38 726 606
120 221 102
74 393 726
71 296 41
115 882 614
121 442 726
68 480 544
63 451 201
151 622 224
133 130 2
89 796 479
70 662 491
94 228 523
88 374 105
119 361 880
107 126 568
110 665 679
58 624 511
239 752 456
14 179 857
168 159 212
102 299 756
6 805 148
107 770 311
190 167 880
124 111 389
166 865 986
100 606 471
60 906 202
122 230 751
115 998 421
90 458 309
178 932 226
64 552 972
133 833 89
155 875 716
150 217 615
36 573 161
51 687 753
150 92 5
101 392 212
63 668 568
151 896 18
117 756 457
111 527 56
47 669 701
189 145 591
158 965 81
80 240 788
170 623 744
69 41 528
58 458 668
34 380 305
149 685 49
115 929 614
90 137 580
85 130 681
128 953 870
150 105 810
190 386 467
26 365 717
62 317 765
94 482 943
120 779 456
71 302 761
36 397 39
135 640 339
149 974 471
37 495 47
58 955 853
66 620 572
92 896 108
123 287 844
140 358 597
155 179 183
126 867 882
149 810 883
19 564 639
159 460 480
171 282 131
186 279 28
13 940 677
115 574 708
89 556 166
128 229 317
142 778 115
137 538 32
82 794 48
64 679 741
109 906 553
75 551 31
122 814 801
146 130 388
135 474 796
59 601 48
134 807 633
89 2 353
71 243 651
117 530 821
24 71 909
53 977 110
56 16 112
189 172 661
170 217 362
166 729 360
59 865 472
156 679 424
125 797 64
92 621 371
103 413 912
63 933 192
153 412 155
49 582 195
157 268 902
124 437 634
109 33 283
100 419 199
59 609 871
91 561 510
195 555 669
69 557 445
112 404 120
57 835 829
90 400 972
20 634 452
154 764 177
48 804 344
83 293 952
147 997 149
46 979 988
113 105 78
123 564 190
25 614 72
26 999 380
102 960 152
78 893 172
158 751 158
120 377 393
48 943 787
143 891 102
87 443 836
89 991 623
33 332 871
59 989 577
61 865 657
115 313 485
115 513 413
66 747 98
183 624 354
128 193 609
98 464 118
47 882 826
31 924 5
141 237 215
46 222 381
61 334 438
9 176 336
32 826 47
146 899 864
169 845 16
41 326 7
96 759 120
87 309 653
67 82 346
85 108 123
92 41 69
146 837 467
35 244 498
71 894 95
138 682 504
128 148 176
163 230 398
51 818 22
141 593 444
67 344 308
150 649 323
116 509 102
157 444 225
131 943 193
125 30 891
140 633 993
160 226 960
118 666 121
146 607 935
139 87 833
42 381 978
114 113 882
97 599 297
130 505 706
125 331 642
167 729 347
58 645 776
107 178 311
153 309 777
159 785 848
59 662 895
101 960 972
88 554 970
126 980 915
173 729 440
203 906 145
174 848 557
182 656 992
154 239 600
42 575 761
110 622 960
125 778 847
10 725 626
144 873 504
176 218 689
69 234 386
122 39 82
104 30 119
148 317 992
101 55 201
134 388 772
188 763 904
168 592 373
44 907 781
136 883 624
93 198 750
106 810 59
187 648 67
123 272 190
136 570 216
74 224 814
148 875 488
221 29 680
115 962 150
97 719 687
105 248 979
173 881 917
65 331 766
61 586 535
70 595 956
67 556 959
63 52 687
160 530 893
184 504 990
67 438 219
62 280 396
129 179 217
182 947 584
40 426 12
95 270 949
160 25 343
122 449 793
35 185 383
88 500 567
72 444 65
48 62 531
114 445 903
40 573 829
136 713 303
180 329 875
27 58 812
158 17 895
86 517 747
67 774 604
153 379 72
181 927 705
38 42 142
142 586 989
124 197 618
94 977 675
31 646 71
157 315 162
136 940 852
88 655 989
132 980 203
19 416 270
172 502 922
107 964 997
112 882 182
167 356 866
162 699 472
203 714 307
107 770 24
31 483 511
104 853 914
97 396 722
224 736 87
106 797 760
158 992 535
75 905 254
102 413 426
186 310 519
157 944 512
43 965 194
98 431 422
110 107 981
100 137 460
194 964 100
56 622 275
16 621 505
78 893 499
115 870 180
100 431 328
74 468 623
76 805 737
99 448 506
156 812 47
97 715 447
10 166 672
105 454 393
230 120 733
85 113 730
159 207 26
105 17 263
173 581 562
235 898 830
182 359 273
93 360 795
133 322 912
20 150 289
64 873 518
103 731 983
133 312 415
175 474 354
141 653 761
58 449 211
31 363 274
69 275 192
55 565 311
185 677 291
150 587 445
175 62 923
131 823 610
80 925 211
76 727 779
93 963 514
193 453 200
183 878 649
152 529 355
91 267 431
19 508 16
140 437 880
68 758 158
33 210 422
100 268 141
142 187 951
94 549 386
142 674 362
33 386 194
125 105 299
148 466 492
131 354 124
99 827 935
214 1 395
98 738 32
135 160 196
110 596 51
120 517 768
35 526 488
110 456 675
87 996 314
180 502 983
111 659 387
168 3 273
67 234 511
77 877 311
172 20 359
97 31 38
82 105 266
170 476 917
154 697 961
127 247 429
152 811 714
153 998 778
96 779 663
58 790 507
159 689 983
65 850 462
71 369 456
47 732 580
94 419 760
49 869 834
43 752 446
22 685 180
148 93 820
24 872 34
164 951 116
96 56 297
96 459 371
119 694 591
39 413 598
32 536 380
73 212 779
96 965 727
126 787 535
63 613 491
77 312 780
37 43 297
154 423 980
174 28 702
128 257 331
136 485 658
176 650 269
45 308 404
41 140 451
165 773 619
37 994 208
145 717 996
137 342 778
119 364 434
43 910 796
56 70 731
54 176 977
78 613 594
154 375 578
178 855 234
8 202 381
62 233 586
205 632 531
229 796 789
113 676 261
83 595 513
100 260 326
155 202 152
191 821 415
59 23 444
18 589 236
107 212 234
144 741 667
64 160 427
88 129 567
126 212 40
61 917 165
89 845 935
111 571 679
104 797 602
176 694 812
91 574 55
154 818 625
164 20 761
84 131 236
177 459 829
91 401 98
44 862 409
135 25 106
101 886 434
21 574 192
111 746 846
60 606 358
151 889 410
148 632 454
100 504 110
85 123 71
172 966 795
158 199 788
129 825 226
179 448 361
167 68 526
204 736 696
165 46 761
203 716 177
43 273 508
69 112 853
86 923 568
62 156 960
86 727 645
64 10 486
16 574 302
139 994 172
56 878 647
165 845 931
145 624 490
113 147 747
58 884 321
50 247 435
117 526 635
100 804 142
149 555 405
27 419 311
184 427 213
117 179 958
79 619 355
153 632 187
70 768 699
46 972 957
79 755 651
92 461 659
42 985 627
91 621 707
14 93 968
167 115 432
95 434 153
201 643 860
23 693 540
102 131 46
135 211 735
90 833 507
181 385 741
160 335 198
96 579 557
214 618 30
151 731 80
65 834 84
114 309 594
90 516 741
120 403 698
131 509 442
138 284 681
40 879 384
129 931 933
50 548 783
51 237 294
104 458 92
188 577 691
37 965 386
142 851 96
166 239 223
93 565 268
170 209 821
49 984 199
107 879 519
35 665 584
172 371 99
42 286 396
183 541 320
54 166 598
146 662 882
95 231 531
115 501 685
16 241 215
82 967 803
101 210 554
57 752 188
91 453 20
155 856 267
79 175 283
43 472 862
146 607 241
62 215 89
77 751 411
66 94 901
136 18 237
160 456 150
122 396 92
48 526 484
104 558 204
150 685 105
131 635 932
127 85 92
200 193 152
75 703 501
37 553 83
56 665 277
46 233 781
108 797 80
177 36 191
139 304 747
190 641 58
109 453 824
151 174 369
180 313 962
124 621 896
114 183 668
50 257 754
104 2 211
145 517 352
153 886 512
43 195 376
76 829 480
26 98 616
90 585 881
145 789 23
166 884 921
200 254 215
103 935 98
94 22 927
88 892 249
154 183 93
114 315 305
18 578 891
80 816 548
138 671 610
58 951 898
76 481 546
134 265 898
191 81 314
118 197 62
59 580 851
52 397 996
212 279 671
41 766 612
100 712 922
164 116 68
153 489 589
145 446 209
61 260 655
143 718 711
106 838 652
137 217 269
77 911 153
139 679 667
117 119 897
74 845 974
147 23 769
18 503 276
185 946 816
43 123 515
79 11 624
85 653 777
109 636 463
43 409 786
61 734 493
48 491 466
86 194 289
131 864 800
231 147 294
117 707 668
129 18 47
98 136 992
82 118 735
127 63 60
183 736 831
158 752 387
173 768 399
72 459 479
143 718 941
64 898 679
42 113 786
21 420 647
180 946 680
100 515 899
36 422 644
189 86 952
44 62 875
74 437 779
102 872 885
131 867 702
191 336 738
137 233 858
128 739 827
128 644 584
125 568 32
55 518 442
168 408 730
146 974 288
62 582 544
98 793 485
131 326 576
117 541 703
178 53 361
143 859 897
90 776 201
58 744 417
69 872 888
77 11 362
13 428 984
79 402 293
106 655 466
59 503 268
62 92 402
181 62 515
134 400 133
149 809 963
110 250 99
109 934 269
209 387 213
159 559 924
115 367 618
58 766 918
20 292 416
38 704 998
26 819 80
74 836 109
63 86 298
65 374 844
98 595 958
136 873 730
130 629 925
108 52 458
98 56 486
118 296 188
141 240 621
27 362 901
196 86 217
129 171 179
79 807 368
71 813 629
114 132 123
103 859 309
94 371 10
50 35 189
74 827 748
125 115 351
58 305 682
138 629 708
107 734 719
60 117 7
47 316 13
133 329 212
104 935 576
114 216 554
128 948 240
101 158 150
116 226 934
57 148 792
156 386 636
82 118 675
148 371 893
86 689 311
83 981 891
141 28 807
126 801 234
23 342 618
13 177 64
160 566 365
25 332 376
129 823 507
72 79 922
147 920 827
101 53 926
74 436 419
162 566 903
158 194 393
193 139 665
188 126 698
148 960 867
138 850 109
86 425 973
218 961 826
21 238 810
60 19 911
20 437 842
98 532 153
35 248 681
120 88 878
131 125 507
108 597 353
107 936 37
121 313 924
157 746 30
46 660 92
90 256 718
158 769 22
70 406 483
46 120 439
82 577 277
91 142 326
124 874 225
97 834 791
64 142 604
169 307 940
126 595 870
55 195 941
107 919 868
74 189 356
32 55 477
77 510 377
106 148 917
102 998 144
185 389 250
69 790 584
145 309 262
134 359 54
101 69 777
101 51 843
54 554 4
112 484 400
41 366 645
124 108 460
49 247 37
119 248 803
166 729 785
182 628 905
144 680 739
75 574 299
64 567 402
82 791 958
63 812 905
93 537 146
143 102 114
74 323 702
74 791 88
115 400 64
95 572 899
114 940 236
149 86 162
68 214 441
120 90 656
135 239 780
129 652 210
141 978 991
131 830 999
58 42 786
96 947 880
103 62 477
64 923 913
176 219 919
60 542 448
194 733 808
232 795 589
177 383 634
176 727 415
219 910 93
100 593 266
149 976 393
171 399 240
150 976 745
129 176 870
102 224 120
71 916 648
109 349 595
28 288 981
69 651 633
41 49 136
86 264 597
132 926 879
145 266 794
35 446 6
110 508 332
46 415 277
31 510 642
32 370 276
91 270 829
137 793 193
159 281 544
92 735 266
56 371 404
22 615 146
126 890 189
156 581 328
91 240 251
172 620 28
157 662 930
9 867 291
56 568 58
166 915 281
150 945 861
116 925 71
87 69 46
144 639 256
42 166 408
139 489 366
168 810 119
182 662 140
86 745 438
20 979 198
43 833 155
123 823 903
16 350 361
45 119 784
115 630 368
99 222 350
121 721 696
98 724 13
134 244 281
145 864 209
80 307 566
55 576 585
114 289 845
161 835 585
148 769 764
135 376 726
110 658 717
50 963 565
54 324 913
55 886 306
48 847 765
118 377 555
106 233 475
29 530 826
88 641 538
16 496 358
41 959 941
141 74 720
136 814 121
125 121 474
149 138 854
24 886 750
97 982 165
48 189 311
86 709 672
88 625 411
57 33 764
81 163 336
199 100 778
148 770 535
43 244 292
88 972 202
85 53 925
83 92 459
7 139 171
33 388 324
84 55 970
85 910 888
114 857 229
87 975 488
163 477 817
122 567 943
91 742 885
228 175 140
78 998 65
190 733 97
143 157 700
22 260 972
84 997 895
155 324 795
167 417 496
98 868 175
112 853 943
54 884 93
87 189 975
112 560 624
48 127 771
96 549 382
46 341 671
162 670 990
142 213 88
183 359 699
59 543 440
134 337 570
135 88 46
184 935 406
114 168 584
73 930 127
163 639 87
71 921 475
27 423 381
139 166 599
51 413 993
107 182 161
69 47 48
147 94 854
91 439 534
75 56 574
174 867 976
23 635 500
72 691 43
129 114 152
121 495 462
157 9 508
124 818 422
128 354 377
87 424 101
126 37 875
