683,425 : 40
817,350 : 166
494,279 : 175
720,286 : 212
401,766 : 68
151,306 : 113
168,811 : 93
505,165 : 36
853,673 : 103
496,375 : 163
903,506 : 103
546,187 : 130
26,642 : 155
726,520 : 103
856,636 : 67
627,876 : 50
701,139 : 126
965,129 : 30
730,403 : 59
461,800 : 74
360,218 : 99
531,189 : 96
132,874 : 100
559,551 : 80
122,445 : 90
538,963 : 56
578,575 : 56
522,258 : 40
775,202 : 93
644,52 : 43
284,639 : 82
530,293 : 80
100,69 : 6
522,430 : 18
496,713 : 173
831,773 : 36
119,878 : 120
613,29 : 92
912,169 : 170
363,193 : 90
954,974 : 195
38,536 : 89
522,307 : 56
274,864 : 57
227,47 : 164
386,473 : 175
5,201 : 63
240,811 : 138
46,449 : 178
168,39 : 48
12,920 : 136
202,637 : 160
69,246 : 20
635,848 : 115
307,726 : 147
800,702 : 102
757,606 : 80
407,543 : 123
135,709 : 68
701,821 : 150
770,36 : 103
227,479 : 82
988,253 : 41
649,389 : 161
149,879 : 159
136,141 : 174
507,165 : 45
808,487 : 162
502,456 : 195
679,499 : 85
448,744 : 170
241,678 : 149
56,318 : 43
193,806 : 107
707,423 : 68
259,792 : 92
820,280 : 42
409,132 : 70
191,276 : 62
70,703 : 118
205,639 : 76
899,523 : 153
304,286 : 5
812,898 : 20
418,768 : 64
581,245 : 130
571,211 : 112
456,889 : 146
556,655 : 62
980,433 : 97
275,757 : 65
687,5 : 143
507,408 : 89
717,142 : 193
424,696 : 140
430,68 : 53
346,220 : 52
664,854 : 107
93,303 : 84
3,821 : 73
512,643 : 189
910,494 : 46
232,882 : 189
239,377 : 82
230,171 : 125
16,345 : 146
231,247 : 93
330,276 : 73
601,599 : 70
424,896 : 84
742,307 : 36
345,692 : 15
689,106 : 18
807,751 : 168
262,793 : 145
596,373 : 166
258,510 : 150
957,977 : 53
836,278 : 55
504,53 : 51
580,876 : 23
334,607 : 104
327,226 : 52
206,143 : 47
204,566 : 161
996,409 : 64
130,318 : 31
648,249 : 79
322,699 : 122
268,972 : 87
554,124 : 132
351,820 : 135
364,793 : 24
806,436 : 96
469,60 : 147
70,764 : 39
114,723 : 69
846,120 : 108
966,729 : 71
255,664 : 120
688,259 : 100
388,76 : 149
792,531 : 100
474,370 : 89
68,900 : 172
385,187 : 176
631,26 : 148
788,290 : 117
497,815 : 169
314,868 : 104
803,568 : 60
658,310 : 170
853,852 : 33
886,827 : 93
94,916 : 13
252,980 : 137
870,470 : 166
331,326 : 69
904,467 : 97
665,672 : 78
877,197 : 83
860,807 : 58
513,271 : 163
964,311 : 127
936,298 : 82
569,256 : 115
302,625 : 124
555,16 : 42
975,291 : 190
96,21 : 94
426,235 : 117
710,406 : 167
878,816 : 109
544,968 : 83
709,574 : 25
764,985 : 20
138,444 : 103
905,343 : 177
257,878 : 139
421,531 : 61
409,94 : 29
116,197 : 114
831,396 : 195
337,932 : 52
369,49 : 110
327,525 : 85
162,700 : 72
361,886 : 56
45,661 : 102
746,468 : 175
534,908 : 102
548,12 : 95
736,829 : 94
522,945 : 64
748,477 : 163
297,212 : 94
574,986 : 150
938,899 : 195
510,65 : 55
616,708 : 83
10,566 : 95
437,358 : 130
740,743 : 127
913,156 : 88
400,640 : 134
841,429 : 69
368,232 : 118
203,698 : 171
429,240 : 92
685,134 : 14
70,368 : 11
41,984 : 93
617,243 : 130
555,673 : 133
479,338 : 36
728,513 : 248
385,621 : 55
900,647 : 159
126,87 : 182
650,943 : 29
501,121 : 43
996,984 : 87
819,106 : 155
345,819 : 84
822,248 : 76
334,190 : 89
923,151 : 20
97,180 : 72
825,525 : 69
235,534 : 22
652,210 : 129
885,74 : 49
851,483 : 70
686,714 : 90
44,171 : 154
886,654 : 107
432,714 : 179
381,20 : 26
863,371 : 135
634,908 : 73
971,368 : 76
917,315 : 184
644,141 : 103
371,783 : 172
956,182 : 50
837,688 : 49
894,636 : 81
117,975 : 175
860,486 : 74
101,903 : 111
949,101 : 100
466,103 : 109
161,860 : 168
564,87 : 172
403,439 : 58
371,684 : 88
717,797 : 119
588,135 : 25
647,720 : 104
382,824 : 50
475,59 : 210
22,350 : 139
977,210 : 114
823,840 : 115
477,554 : 74
367,507 : 101
835,106 : 96
882,886 : 118
430,535 : 81
628,74 : 81
194,200 : 43
885,354 : 129
736,50 : 187
663,900 : 67
960,964 : 63
21,715 : 123
867,465 : 144
404,721 : 67
84,341 : 93
75,550 : 83
496,954 : 192
357,674 : 39
52,524 : 93
331,829 : 76
813,733 : 185
741,228 : 87
69,147 : 185
630,654 : 17
625,686 : 146
458,397 : 51
937,618 : 122
66,791 : 123
444,923 : 99
286,592 : 175
45,84 : 142
895,453 : 150
948,67 : 123
374,672 : 99
736,789 : 111
913,629 : 71
574,573 : 97
93,258 : 133
453,555 : 57
673,880 : 157
514,271 : 142
300,94 : 2
324,290 : 162
271,942 : 187
283,436 : 92
982,889 : 30
379,538 : 66
236,172 : 144
635,246 : 55
370,307 : 115
384,179 : 130
730,361 : 39
853,876 : 65
539,486 : 14
382,412 : 115
473,654 : 32
953,974 : 169
956,450 : 102
377,540 : 56
933,486 : 84
762,47 : 42
331,249 : 81
744,310 : 171
962,340 : 65
800,179 : 167
773,692 : 21
246,563 : 53
705,987 : 155
826,59 : 50
906,555 : 29
332,31 : 70
169,168 : 75
748,249 : 65
829,387 : 207
511,697 : 75
824,153 : 103
19,371 : 153
924,756 : 156
957,606 : 134
598,172 : 166
601,866 : 112
840,112 : 184
439,785 : 209
941,927 : 94
726,937 : 88
202,430 : 2
975,165 : 174
232,683 : 80
5,21 : 112
881,628 : 38
955,905 : 117
43,691 : 72
789,914 : 33
808,140 : 201
340,376 : 52
391,628 : 190
710,227 : 63
369,12 : 112
971,960 : 33
585,60 : 151
692,785 : 200
105,419 : 88
847,878 : 89
942,97 : 144
222,212 : 98
701,634 : 182
168,259 : 50
163,335 : 141
10,798 : 131
76,373 : 211
280,398 : 181
710,325 : 57
684,511 : 92
376,348 : 157
231,479 : 65
372,200 : 115
233,540 : 35
727,431 : 65
319,15 : 31
578,342 : 157
988,373 : 150
839,98 : 69
311,479 : 107
459,929 : 28
223,626 : 42
79,589 : 209
20,734 : 116
316,100 : 153
762,783 : 115
547,961 : 110
820,705 : 4
521,54 : 127
686,167 : 127
552,268 : 70
360,713 : 90
378,373 : 194
541,148 : 60
312,500 : 66
743,366 : 163
677,615 : 97
828,729 : 179
167,17 : 172
613,58 : 69
689,609 : 28
244,328 : 91
828,505 : 168
967,850 : 19
446,958 : 41
157,201 : 94
795,463 : 173
935,539 : 42
887,479 : 190
467,559 : 162
707,423 : 68
683,704 : 119
163,380 : 100
668,321 : 17
468,214 : 150
256,513 : 187
580,797 : 30
384,482 : 48
775,71 : 142
932,726 : 57
179,620 : 78
749,664 : 21
901,55 : 35
612,291 : 52
514,84 : 113
411,70 : 32
955,191 : 85
439,231 : 72
357,704 : 72
69,280 : 25
136,710 : 79
