======= i = 0 =======
0 255 984 796
0.1217398509 100.0000000000 988 781
0.0103893952 100.0000000000 712 922
0.0165479149 100.0000000000 593 266
0.1139188070 100.0000000000 515 899
0.0256338028 100.0000000000 504 110
0.2000828500 100.0000000000 419 199
0.1791549296 100.0000000000 260 326
0.0190886495 100.0000000000 247 972
0.0000000000 99.0000000000 827 935
0.0000000000 99.0000000000 801 462
0.0542760607 99.0000000000 769 98
0.0000000000 99.0000000000 324 479
0.1206743321 98.0000000000 738 32
0.1367605399 98.0000000000 724 13
0.0213964339 98.0000000000 532 153
0.0376603899 98.0000000000 464 118
0.1187135477 98.0000000000 136 992
0.0000000000 98.0000000000 26 300
0.1300802139 97.0000000000 982 165
0.0000000000 97.0000000000 594 358
0.0831495098 97.0000000000 450 959
0.0000000000 96.0000000000 965 727
0.1855762248 96.0000000000 947 880
0.0000000000 96.0000000000 825 407
0.0000000000 96.0000000000 549 382
0.1631193788 96.0000000000 459 371
0.2622926094 96.0000000000 311 738
0.1210084034 95.0000000000 572 899
0.1538151261 95.0000000000 360 615
0.0000000000 95.0000000000 270 949
0.1887746503 94.0000000000 977 675
0.1243890106 94.0000000000 743 430
0.0010618574 94.0000000000 557 666
0.1426428451 94.0000000000 549 386
0.1773414237 94.0000000000 419 760
0.1323894601 94.0000000000 266 79
0.2004887915 94.0000000000 228 523
0.0208326310 94.0000000000 22 927
0.1633254451 93.0000000000 992 787
0.1218559838 93.0000000000 963 514
0.2731124634 93.0000000000 815 912
0.1338235294 93.0000000000 360 795
0.0000000000 93.0000000000 272 633
0.0324036511 93.0000000000 198 750
0.0042821726 93.0000000000 4 43
0.0000000000 92.0000000000 896 108
0.0256088603 92.0000000000 735 266
0.0000000000 92.0000000000 684 97
