60 4378 984 796 669 676 133 198 450 951 100 778 310 519 383 634 558 961 188 638 785 848 752 387 375 578 680 739 653 761 635 932 396 92 882 614 406 52 224 120 299 756 62 477 746 846 337 570 509 102 814 121 456 675 55 201 182 161 772 314 925 211
62 4458 984 796 669 676 133 198 450 951 100 778 310 519 383 634 558 961 188 638 785 848 752 387 375 578 680 739 653 761 635 932 396 92 882 614 406 52 224 120 299 756 62 477 746 846 337 570 509 102 814 121 456 675 55 201 182 161 772 314 925 211 816 548
64 4535 984 796 669 676 133 198 450 951 100 778 310 519 383 634 558 961 188 638 785 848 752 387 375 578 680 739 653 761 635 932 396 92 882 614 406 52 224 120 299 756 62 477 746 846 337 570 509 102 814 121 456 675 55 201 182 161 772 314 925 211 816 548 217 727
66 4611 984 796 669 676 133 198 450 951 100 778 310 519 383 634 558 961 188 638 785 848 752 387 375 578 680 739 653 761 635 932 396 92 882 614 406 52 224 120 299 756 62 477 746 846 337 570 509 102 814 121 456 675 55 201 182 161 772 314 925 211 816 548 217 727 481 546
68 4683 984 796 669 676 133 198 450 951 100 778 310 519 383 634 558 961 188 638 785 848 752 387 375 578 680 739 653 761 635 932 396 92 882 614 406 52 224 120 299 756 62 477 746 846 337 570 509 102 814 121 456 675 55 201 182 161 772 314 925 211 816 548 217 727 481 546 459 479
70 4750 984 796 669 676 133 198 450 951 100 778 310 519 383 634 558 961 188 638 785 848 752 387 375 578 680 739 653 761 635 932 396 92 882 614 406 52 224 120 299 756 62 477 746 846 337 570 509 102 814 121 456 675 55 201 182 161 772 314 925 211 816 548 217 727 481 546 459 479 234 511
72 4816 984 796 669 676 133 198 450 951 100 778 310 519 383 634 558 961 188 638 785 848 752 387 375 578 680 739 653 761 635 932 396 92 882 614 406 52 224 120 299 756 62 477 746 846 337 570 509 102 814 121 456 675 55 201 182 161 772 314 925 211 816 548 217 727 481 546 459 479 234 511 901 615
74 4881 984 796 669 676 133 198 450 951 100 778 310 519 383 634 558 961 188 638 785 848 752 387 375 578 680 739 653 761 635 932 396 92 882 614 406 52 224 120 299 756 62 477 746 846 337 570 509 102 814 121 456 675 55 201 182 161 772 314 925 211 816 548 217 727 481 546 459 479 234 511 901 615 154 586
76 4945 984 796 669 676 133 198 450 951 100 778 310 519 383 634 558 961 188 638 785 848 752 387 375 578 680 739 653 761 635 932 396 92 882 614 406 52 224 120 299 756 62 477 746 846 337 570 509 102 814 121 456 675 55 201 182 161 772 314 925 211 816 548 217 727 481 546 459 479 234 511 901 615 154 586 431 773
78 5009 984 796 669 676 133 198 450 951 100 778 310 519 383 634 558 961 188 638 785 848 752 387 375 578 680 739 653 761 635 932 396 92 882 614 406 52 224 120 299 756 62 477 746 846 337 570 509 102 814 121 456 675 55 201 182 161 772 314 925 211 816 548 217 727 481 546 459 479 234 511 901 615 154 586 431 773 160 427
80 5069 984 796 669 676 133 198 450 951 100 778 310 519 383 634 558 961 188 638 785 848 752 387 375 578 680 739 653 761 635 932 396 92 882 614 406 52 224 120 299 756 62 477 746 846 337 570 509 102 814 121 456 675 55 201 182 161 772 314 925 211 816 548 217 727 481 546 459 479 234 511 901 615 154 586 431 773 160 427 542 448
82 5128 984 796 669 676 133 198 450 951 100 778 310 519 383 634 558 961 188 638 785 848 752 387 375 578 680 739 653 761 635 932 396 92 882 614 406 52 224 120 299 756 62 477 746 846 337 570 509 102 814 121 456 675 55 201 182 161 772 314 925 211 816 548 217 727 481 546 459 479 234 511 901 615 154 586 431 773 160 427 542 448 503 268
84 5186 984 796 669 676 133 198 450 951 100 778 310 519 383 634 558 961 188 638 785 848 752 387 375 578 680 739 653 761 635 932 396 92 882 614 406 52 224 120 299 756 62 477 746 846 337 570 509 102 814 121 456 675 55 201 182 161 772 314 925 211 816 548 217 727 481 546 459 479 234 511 901 615 154 586 431 773 160 427 542 448 503 268 884 321
86 5244 984 796 669 676 133 198 450 951 100 778 310 519 383 634 558 961 188 638 785 848 752 387 375 578 680 739 653 761 635 932 396 92 882 614 406 52 224 120 299 756 62 477 746 846 337 570 509 102 814 121 456 675 55 201 182 161 772 314 925 211 816 548 217 727 481 546 459 479 234 511 901 615 154 586 431 773 160 427 542 448 503 268 884 321 766 918
88 5301 984 796 669 676 133 198 450 951 100 778 310 519 383 634 558 961 188 638 785 848 752 387 375 578 680 739 653 761 635 932 396 92 882 614 406 52 224 120 299 756 62 477 746 846 337 570 509 102 814 121 456 675 55 201 182 161 772 314 925 211 816 548 217 727 481 546 459 479 234 511 901 615 154 586 431 773 160 427 542 448 503 268 884 321 766 918 597 581
90 5357 984 796 669 676 133 198 450 951 100 778 310 519 383 634 558 961 188 638 785 848 752 387 375 578 680 739 653 761 635 932 396 92 882 614 406 52 224 120 299 756 62 477 746 846 337 570 509 102 814 121 456 675 55 201 182 161 772 314 925 211 816 548 217 727 481 546 459 479 234 511 901 615 154 586 431 773 160 427 542 448 503 268 884 321 766 918 597 581 228 987
92 5412 984 796 669 676 133 198 450 951 100 778 310 519 383 634 558 961 188 638 785 848 752 387 375 578 680 739 653 761 635 932 396 92 882 614 406 52 224 120 299 756 62 477 746 846 337 570 509 102 814 121 456 675 55 201 182 161 772 314 925 211 816 548 217 727 481 546 459 479 234 511 901 615 154 586 431 773 160 427 542 448 503 268 884 321 766 918 597 581 228 987 495 122
94 5466 984 796 669 676 133 198 450 951 100 778 310 519 383 634 558 961 188 638 785 848 752 387 375 578 680 739 653 761 635 932 396 92 882 614 406 52 224 120 299 756 62 477 746 846 337 570 509 102 814 121 456 675 55 201 182 161 772 314 925 211 816 548 217 727 481 546 459 479 234 511 901 615 154 586 431 773 160 427 542 448 503 268 884 321 766 918 597 581 228 987 495 122 950 295
96 5520 984 796 669 676 133 198 450 951 100 778 310 519 383 634 558 961 188 638 785 848 752 387 375 578 680 739 653 761 635 932 396 92 882 614 406 52 224 120 299 756 62 477 746 846 337 570 509 102 814 121 456 675 55 201 182 161 772 314 925 211 816 548 217 727 481 546 459 479 234 511 901 615 154 586 431 773 160 427 542 448 503 268 884 321 766 918 597 581 228 987 495 122 950 295 554 4
98 5570 984 796 669 676 133 198 450 951 100 778 310 519 383 634 558 961 188 638 785 848 752 387 375 578 680 739 653 761 635 932 396 92 882 614 406 52 224 120 299 756 62 477 746 846 337 570 509 102 814 121 456 675 55 201 182 161 772 314 925 211 816 548 217 727 481 546 459 479 234 511 901 615 154 586 431 773 160 427 542 448 503 268 884 321 766 918 597 581 228 987 495 122 950 295 554 4 777 215
100 5619 984 796 669 676 133 198 450 951 100 778 310 519 383 634 558 961 188 638 785 848 752 387 375 578 680 739 653 761 635 932 396 92 882 614 406 52 224 120 299 756 62 477 746 846 337 570 509 102 814 121 456 675 55 201 182 161 772 314 925 211 816 548 217 727 481 546 459 479 234 511 901 615 154 586 431 773 160 427 542 448 503 268 884 321 766 918 597 581 228 987 495 122 950 295 554 4 777 215 582 195
102 5667 984 796 669 676 133 198 450 951 100 778 310 519 383 634 558 961 188 638 785 848 752 387 375 578 680 739 653 761 635 932 396 92 882 614 406 52 224 120 299 756 62 477 746 846 337 570 509 102 814 121 456 675 55 201 182 161 772 314 925 211 816 548 217 727 481 546 459 479 234 511 901 615 154 586 431 773 160 427 542 448 503 268 884 321 766 918 597 581 228 987 495 122 950 295 554 4 777 215 582 195 847 765
104 5715 984 796 669 676 133 198 450 951 100 778 310 519 383 634 558 961 188 638 785 848 752 387 375 578 680 739 653 761 635 932 396 92 882 614 406 52 224 120 299 756 62 477 746 846 337 570 509 102 814 121 456 675 55 201 182 161 772 314 925 211 816 548 217 727 481 546 459 479 234 511 901 615 154 586 431 773 160 427 542 448 503 268 884 321 766 918 597 581 228 987 495 122 950 295 554 4 777 215 582 195 847 765 127 771
106 5762 984 796 669 676 133 198 450 951 100 778 310 519 383 634 558 961 188 638 785 848 752 387 375 578 680 739 653 761 635 932 396 92 882 614 406 52 224 120 299 756 62 477 746 846 337 570 509 102 814 121 456 675 55 201 182 161 772 314 925 211 816 548 217 727 481 546 459 479 234 511 901 615 154 586 431 773 160 427 542 448 503 268 884 321 766 918 597 581 228 987 495 122 950 295 554 4 777 215 582 195 847 765 127 771 316 13
108 5808 984 796 669 676 133 198 450 951 100 778 310 519 383 634 558 961 188 638 785 848 752 387 375 578 680 739 653 761 635 932 396 92 882 614 406 52 224 120 299 756 62 477 746 846 337 570 509 102 814 121 456 675 55 201 182 161 772 314 925 211 816 548 217 727 481 546 459 479 234 511 901 615 154 586 431 773 160 427 542 448 503 268 884 321 766 918 597 581 228 987 495 122 950 295 554 4 777 215 582 195 847 765 127 771 316 13 233 781
110 5853 984 796 669 676 133 198 450 951 100 778 310 519 383 634 558 961 188 638 785 848 752 387 375 578 680 739 653 761 635 932 396 92 882 614 406 52 224 120 299 756 62 477 746 846 337 570 509 102 814 121 456 675 55 201 182 161 772 314 925 211 816 548 217 727 481 546 459 479 234 511 901 615 154 586 431 773 160 427 542 448 503 268 884 321 766 918 597 581 228 987 495 122 950 295 554 4 777 215 582 195 847 765 127 771 316 13 233 781 39 48
112 5896 984 796 669 676 133 198 450 951 100 778 310 519 383 634 558 961 188 638 785 848 752 387 375 578 680 739 653 761 635 932 396 92 882 614 406 52 224 120 299 756 62 477 746 846 337 570 509 102 814 121 456 675 55 201 182 161 772 314 925 211 816 548 217 727 481 546 459 479 234 511 901 615 154 586 431 773 160 427 542 448 503 268 884 321 766 918 597 581 228 987 495 122 950 295 554 4 777 215 582 195 847 765 127 771 316 13 233 781 39 48 369 905
114 5938 984 796 669 676 133 198 450 951 100 778 310 519 383 634 558 961 188 638 785 848 752 387 375 578 680 739 653 761 635 932 396 92 882 614 406 52 224 120 299 756 62 477 746 846 337 570 509 102 814 121 456 675 55 201 182 161 772 314 925 211 816 548 217 727 481 546 459 479 234 511 901 615 154 586 431 773 160 427 542 448 503 268 884 321 766 918 597 581 228 987 495 122 950 295 554 4 777 215 582 195 847 765 127 771 316 13 233 781 39 48 369 905 381 978
116 5979 984 796 669 676 133 198 450 951 100 778 310 519 383 634 558 961 188 638 785 848 752 387 375 578 680 739 653 761 635 932 396 92 882 614 406 52 224 120 299 756 62 477 746 846 337 570 509 102 814 121 456 675 55 201 182 161 772 314 925 211 816 548 217 727 481 546 459 479 234 511 901 615 154 586 431 773 160 427 542 448 503 268 884 321 766 918 597 581 228 987 495 122 950 295 554 4 777 215 582 195 847 765 127 771 316 13 233 781 39 48 369 905 381 978 326 7
118 6020 984 796 669 676 133 198 450 951 100 778 310 519 383 634 558 961 188 638 785 848 752 387 375 578 680 739 653 761 635 932 396 92 882 614 406 52 224 120 299 756 62 477 746 846 337 570 509 102 814 121 456 675 55 201 182 161 772 314 925 211 816 548 217 727 481 546 459 479 234 511 901 615 154 586 431 773 160 427 542 448 503 268 884 321 766 918 597 581 228 987 495 122 950 295 554 4 777 215 582 195 847 765 127 771 316 13 233 781 39 48 369 905 381 978 326 7 140 451
120 6060 984 796 669 676 133 198 450 951 100 778 310 519 383 634 558 961 188 638 785 848 752 387 375 578 680 739 653 761 635 932 396 92 882 614 406 52 224 120 299 756 62 477 746 846 337 570 509 102 814 121 456 675 55 201 182 161 772 314 925 211 816 548 217 727 481 546 459 479 234 511 901 615 154 586 431 773 160 427 542 448 503 268 884 321 766 918 597 581 228 987 495 122 950 295 554 4 777 215 582 195 847 765 127 771 316 13 233 781 39 48 369 905 381 978 326 7 140 451 879 384
122 6097 984 796 669 676 133 198 450 951 100 778 310 519 383 634 558 961 188 638 785 848 752 387 375 578 680 739 653 761 635 932 396 92 882 614 406 52 224 120 299 756 62 477 746 846 337 570 509 102 814 121 456 675 55 201 182 161 772 314 925 211 816 548 217 727 481 546 459 479 234 511 901 615 154 586 431 773 160 427 542 448 503 268 884 321 766 918 597 581 228 987 495 122 950 295 554 4 777 215 582 195 847 765 127 771 316 13 233 781 39 48 369 905 381 978 326 7 140 451 879 384 194 3
124 6132 984 796 669 676 133 198 450 951 100 778 310 519 383 634 558 961 188 638 785 848 752 387 375 578 680 739 653 761 635 932 396 92 882 614 406 52 224 120 299 756 62 477 746 846 337 570 509 102 814 121 456 675 55 201 182 161 772 314 925 211 816 548 217 727 481 546 459 479 234 511 901 615 154 586 431 773 160 427 542 448 503 268 884 321 766 918 597 581 228 987 495 122 950 295 554 4 777 215 582 195 847 765 127 771 316 13 233 781 39 48 369 905 381 978 326 7 140 451 879 384 194 3 618 301
126 6159 984 796 669 676 133 198 450 951 100 778 310 519 383 634 558 961 188 638 785 848 752 387 375 578 680 739 653 761 635 932 396 92 882 614 406 52 224 120 299 756 62 477 746 846 337 570 509 102 814 121 456 675 55 201 182 161 772 314 925 211 816 548 217 727 481 546 459 479 234 511 901 615 154 586 431 773 160 427 542 448 503 268 884 321 766 918 597 581 228 987 495 122 950 295 554 4 777 215 582 195 847 765 127 771 316 13 233 781 39 48 369 905 381 978 326 7 140 451 879 384 194 3 618 301 58 812
128 6185 984 796 669 676 133 198 450 951 100 778 310 519 383 634 558 961 188 638 785 848 752 387 375 578 680 739 653 761 635 932 396 92 882 614 406 52 224 120 299 756 62 477 746 846 337 570 509 102 814 121 456 675 55 201 182 161 772 314 925 211 816 548 217 727 481 546 459 479 234 511 901 615 154 586 431 773 160 427 542 448 503 268 884 321 766 918 597 581 228 987 495 122 950 295 554 4 777 215 582 195 847 765 127 771 316 13 233 781 39 48 369 905 381 978 326 7 140 451 879 384 194 3 618 301 58 812 819 80
130 6209 984 796 669 676 133 198 450 951 100 778 310 519 383 634 558 961 188 638 785 848 752 387 375 578 680 739 653 761 635 932 396 92 882 614 406 52 224 120 299 756 62 477 746 846 337 570 509 102 814 121 456 675 55 201 182 161 772 314 925 211 816 548 217 727 481 546 459 479 234 511 901 615 154 586 431 773 160 427 542 448 503 268 884 321 766 918 597 581 228 987 495 122 950 295 554 4 777 215 582 195 847 765 127 771 316 13 233 781 39 48 369 905 381 978 326 7 140 451 879 384 194 3 618 301 58 812 819 80 489 170
132 6233 984 796 669 676 133 198 450 951 100 778 310 519 383 634 558 961 188 638 785 848 752 387 375 578 680 739 653 761 635 932 396 92 882 614 406 52 224 120 299 756 62 477 746 846 337 570 509 102 814 121 456 675 55 201 182 161 772 314 925 211 816 548 217 727 481 546 459 479 234 511 901 615 154 586 431 773 160 427 542 448 503 268 884 321 766 918 597 581 228 987 495 122 950 295 554 4 777 215 582 195 847 765 127 771 316 13 233 781 39 48 369 905 381 978 326 7 140 451 879 384 194 3 618 301 58 812 819 80 489 170 71 909
134 6254 984 796 669 676 133 198 450 951 100 778 310 519 383 634 558 961 188 638 785 848 752 387 375 578 680 739 653 761 635 932 396 92 882 614 406 52 224 120 299 756 62 477 746 846 337 570 509 102 814 121 456 675 55 201 182 161 772 314 925 211 816 548 217 727 481 546 459 479 234 511 901 615 154 586 431 773 160 427 542 448 503 268 884 321 766 918 597 581 228 987 495 122 950 295 554 4 777 215 582 195 847 765 127 771 316 13 233 781 39 48 369 905 381 978 326 7 140 451 879 384 194 3 618 301 58 812 819 80 489 170 71 909 574 192
136 6273 984 796 669 676 133 198 450 951 100 778 310 519 383 634 558 961 188 638 785 848 752 387 375 578 680 739 653 761 635 932 396 92 882 614 406 52 224 120 299 756 62 477 746 846 337 570 509 102 814 121 456 675 55 201 182 161 772 314 925 211 816 548 217 727 481 546 459 479 234 511 901 615 154 586 431 773 160 427 542 448 503 268 884 321 766 918 597 581 228 987 495 122 950 295 554 4 777 215 582 195 847 765 127 771 316 13 233 781 39 48 369 905 381 978 326 7 140 451 879 384 194 3 618 301 58 812 819 80 489 170 71 909 574 192 564 639
138 6290 984 796 669 676 133 198 450 951 100 778 310 519 383 634 558 961 188 638 785 848 752 387 375 578 680 739 653 761 635 932 396 92 882 614 406 52 224 120 299 756 62 477 746 846 337 570 509 102 814 121 456 675 55 201 182 161 772 314 925 211 816 548 217 727 481 546 459 479 234 511 901 615 154 586 431 773 160 427 542 448 503 268 884 321 766 918 597 581 228 987 495 122 950 295 554 4 777 215 582 195 847 765 127 771 316 13 233 781 39 48 369 905 381 978 326 7 140 451 879 384 194 3 618 301 58 812 819 80 489 170 71 909 574 192 564 639 707 264
140 6307 984 796 669 676 133 198 450 951 100 778 310 519 383 634 558 961 188 638 785 848 752 387 375 578 680 739 653 761 635 932 396 92 882 614 406 52 224 120 299 756 62 477 746 846 337 570 509 102 814 121 456 675 55 201 182 161 772 314 925 211 816 548 217 727 481 546 459 479 234 511 901 615 154 586 431 773 160 427 542 448 503 268 884 321 766 918 597 581 228 987 495 122 950 295 554 4 777 215 582 195 847 765 127 771 316 13 233 781 39 48 369 905 381 978 326 7 140 451 879 384 194 3 618 301 58 812 819 80 489 170 71 909 574 192 564 639 707 264 141 9
142 6321 984 796 669 676 133 198 450 951 100 778 310 519 383 634 558 961 188 638 785 848 752 387 375 578 680 739 653 761 635 932 396 92 882 614 406 52 224 120 299 756 62 477 746 846 337 570 509 102 814 121 456 675 55 201 182 161 772 314 925 211 816 548 217 727 481 546 459 479 234 511 901 615 154 586 431 773 160 427 542 448 503 268 884 321 766 918 597 581 228 987 495 122 950 295 554 4 777 215 582 195 847 765 127 771 316 13 233 781 39 48 369 905 381 978 326 7 140 451 879 384 194 3 618 301 58 812 819 80 489 170 71 909 574 192 564 639 707 264 141 9 897 668
144 6334 984 796 669 676 133 198 450 951 100 778 310 519 383 634 558 961 188 638 785 848 752 387 375 578 680 739 653 761 635 932 396 92 882 614 406 52 224 120 299 756 62 477 746 846 337 570 509 102 814 121 456 675 55 201 182 161 772 314 925 211 816 548 217 727 481 546 459 479 234 511 901 615 154 586 431 773 160 427 542 448 503 268 884 321 766 918 597 581 228 987 495 122 950 295 554 4 777 215 582 195 847 765 127 771 316 13 233 781 39 48 369 905 381 978 326 7 140 451 879 384 194 3 618 301 58 812 819 80 489 170 71 909 574 192 564 639 707 264 141 9 897 668 940 677
146 6347 984 796 669 676 133 198 450 951 100 778 310 519 383 634 558 961 188 638 785 848 752 387 375 578 680 739 653 761 635 932 396 92 882 614 406 52 224 120 299 756 62 477 746 846 337 570 509 102 814 121 456 675 55 201 182 161 772 314 925 211 816 548 217 727 481 546 459 479 234 511 901 615 154 586 431 773 160 427 542 448 503 268 884 321 766 918 597 581 228 987 495 122 950 295 554 4 777 215 582 195 847 765 127 771 316 13 233 781 39 48 369 905 381 978 326 7 140 451 879 384 194 3 618 301 58 812 819 80 489 170 71 909 574 192 564 639 707 264 141 9 897 668 940 677 177 64
148 6357 984 796 669 676 133 198 450 951 100 778 310 519 383 634 558 961 188 638 785 848 752 387 375 578 680 739 653 761 635 932 396 92 882 614 406 52 224 120 299 756 62 477 746 846 337 570 509 102 814 121 456 675 55 201 182 161 772 314 925 211 816 548 217 727 481 546 459 479 234 511 901 615 154 586 431 773 160 427 542 448 503 268 884 321 766 918 597 581 228 987 495 122 950 295 554 4 777 215 582 195 847 765 127 771 316 13 233 781 39 48 369 905 381 978 326 7 140 451 879 384 194 3 618 301 58 812 819 80 489 170 71 909 574 192 564 639 707 264 141 9 897 668 940 677 177 64 736 640
150 6367 984 796 669 676 133 198 450 951 100 778 310 519 383 634 558 961 188 638 785 848 752 387 375 578 680 739 653 761 635 932 396 92 882 614 406 52 224 120 299 756 62 477 746 846 337 570 509 102 814 121 456 675 55 201 182 161 772 314 925 211 816 548 217 727 481 546 459 479 234 511 901 615 154 586 431 773 160 427 542 448 503 268 884 321 766 918 597 581 228 987 495 122 950 295 554 4 777 215 582 195 847 765 127 771 316 13 233 781 39 48 369 905 381 978 326 7 140 451 879 384 194 3 618 301 58 812 819 80 489 170 71 909 574 192 564 639 707 264 141 9 897 668 940 677 177 64 736 640 279 665
152 6377 984 796 669 676 133 198 450 951 100 778 310 519 383 634 558 961 188 638 785 848 752 387 375 578 680 739 653 761 635 932 396 92 882 614 406 52 224 120 299 756 62 477 746 846 337 570 509 102 814 121 456 675 55 201 182 161 772 314 925 211 816 548 217 727 481 546 459 479 234 511 901 615 154 586 431 773 160 427 542 448 503 268 884 321 766 918 597 581 228 987 495 122 950 295 554 4 777 215 582 195 847 765 127 771 316 13 233 781 39 48 369 905 381 978 326 7 140 451 879 384 194 3 618 301 58 812 819 80 489 170 71 909 574 192 564 639 707 264 141 9 897 668 940 677 177 64 736 640 279 665 197 275
154 6386 984 796 669 676 133 198 450 951 100 778 310 519 383 634 558 961 188 638 785 848 752 387 375 578 680 739 653 761 635 932 396 92 882 614 406 52 224 120 299 756 62 477 746 846 337 570 509 102 814 121 456 675 55 201 182 161 772 314 925 211 816 548 217 727 481 546 459 479 234 511 901 615 154 586 431 773 160 427 542 448 503 268 884 321 766 918 597 581 228 987 495 122 950 295 554 4 777 215 582 195 847 765 127 771 316 13 233 781 39 48 369 905 381 978 326 7 140 451 879 384 194 3 618 301 58 812 819 80 489 170 71 909 574 192 564 639 707 264 141 9 897 668 940 677 177 64 736 640 279 665 197 275 176 336
156 6393 984 796 669 676 133 198 450 951 100 778 310 519 383 634 558 961 188 638 785 848 752 387 375 578 680 739 653 761 635 932 396 92 882 614 406 52 224 120 299 756 62 477 746 846 337 570 509 102 814 121 456 675 55 201 182 161 772 314 925 211 816 548 217 727 481 546 459 479 234 511 901 615 154 586 431 773 160 427 542 448 503 268 884 321 766 918 597 581 228 987 495 122 950 295 554 4 777 215 582 195 847 765 127 771 316 13 233 781 39 48 369 905 381 978 326 7 140 451 879 384 194 3 618 301 58 812 819 80 489 170 71 909 574 192 564 639 707 264 141 9 897 668 940 677 177 64 736 640 279 665 197 275 176 336 461 289
158 6400 984 796 669 676 133 198 450 951 100 778 310 519 383 634 558 961 188 638 785 848 752 387 375 578 680 739 653 761 635 932 396 92 882 614 406 52 224 120 299 756 62 477 746 846 337 570 509 102 814 121 456 675 55 201 182 161 772 314 925 211 816 548 217 727 481 546 459 479 234 511 901 615 154 586 431 773 160 427 542 448 503 268 884 321 766 918 597 581 228 987 495 122 950 295 554 4 777 215 582 195 847 765 127 771 316 13 233 781 39 48 369 905 381 978 326 7 140 451 879 384 194 3 618 301 58 812 819 80 489 170 71 909 574 192 564 639 707 264 141 9 897 668 940 677 177 64 736 640 279 665 197 275 176 336 461 289 139 171
160 6406 984 796 669 676 133 198 450 951 100 778 310 519 383 634 558 961 188 638 785 848 752 387 375 578 680 739 653 761 635 932 396 92 882 614 406 52 224 120 299 756 62 477 746 846 337 570 509 102 814 121 456 675 55 201 182 161 772 314 925 211 816 548 217 727 481 546 459 479 234 511 901 615 154 586 431 773 160 427 542 448 503 268 884 321 766 918 597 581 228 987 495 122 950 295 554 4 777 215 582 195 847 765 127 771 316 13 233 781 39 48 369 905 381 978 326 7 140 451 879 384 194 3 618 301 58 812 819 80 489 170 71 909 574 192 564 639 707 264 141 9 897 668 940 677 177 64 736 640 279 665 197 275 176 336 461 289 139 171 805 148
162 6411 984 796 669 676 133 198 450 951 100 778 310 519 383 634 558 961 188 638 785 848 752 387 375 578 680 739 653 761 635 932 396 92 882 614 406 52 224 120 299 756 62 477 746 846 337 570 509 102 814 121 456 675 55 201 182 161 772 314 925 211 816 548 217 727 481 546 459 479 234 511 901 615 154 586 431 773 160 427 542 448 503 268 884 321 766 918 597 581 228 987 495 122 950 295 554 4 777 215 582 195 847 765 127 771 316 13 233 781 39 48 369 905 381 978 326 7 140 451 879 384 194 3 618 301 58 812 819 80 489 170 71 909 574 192 564 639 707 264 141 9 897 668 940 677 177 64 736 640 279 665 197 275 176 336 461 289 139 171 805 148 768 328
164 6414 984 796 669 676 133 198 450 951 100 778 310 519 383 634 558 961 188 638 785 848 752 387 375 578 680 739 653 761 635 932 396 92 882 614 406 52 224 120 299 756 62 477 746 846 337 570 509 102 814 121 456 675 55 201 182 161 772 314 925 211 816 548 217 727 481 546 459 479 234 511 901 615 154 586 431 773 160 427 542 448 503 268 884 321 766 918 597 581 228 987 495 122 950 295 554 4 777 215 582 195 847 765 127 771 316 13 233 781 39 48 369 905 381 978 326 7 140 451 879 384 194 3 618 301 58 812 819 80 489 170 71 909 574 192 564 639 707 264 141 9 897 668 940 677 177 64 736 640 279 665 197 275 176 336 461 289 139 171 805 148 768 328 309 956
166 6415 984 796 669 676 133 198 450 951 100 778 310 519 383 634 558 961 188 638 785 848 752 387 375 578 680 739 653 761 635 932 396 92 882 614 406 52 224 120 299 756 62 477 746 846 337 570 509 102 814 121 456 675 55 201 182 161 772 314 925 211 816 548 217 727 481 546 459 479 234 511 901 615 154 586 431 773 160 427 542 448 503 268 884 321 766 918 597 581 228 987 495 122 950 295 554 4 777 215 582 195 847 765 127 771 316 13 233 781 39 48 369 905 381 978 326 7 140 451 879 384 194 3 618 301 58 812 819 80 489 170 71 909 574 192 564 639 707 264 141 9 897 668 940 677 177 64 736 640 279 665 197 275 176 336 461 289 139 171 805 148 768 328 309 956 858 106
