2 1 858 106
4 6 858 106 768 328
6 13 858 106 768 328 461 289
8 21 858 106 768 328 461 289 489 891
10 31 858 106 768 328 461 289 489 891 197 275
12 41 858 106 768 328 461 289 489 891 197 275 279 665
14 51 858 106 768 328 461 289 489 891 197 275 279 665 736 640
16 61 858 106 768 328 461 289 489 891 197 275 279 665 736 640 801 522
18 71 858 106 768 328 461 289 489 891 197 275 279 665 736 640 801 522 892 359
20 82 858 106 768 328 461 289 489 891 197 275 279 665 736 640 801 522 892 359 894 345
22 94 858 106 768 328 461 289 489 891 197 275 279 665 736 640 801 522 892 359 894 345 544 955
24 107 858 106 768 328 461 289 489 891 197 275 279 665 736 640 801 522 892 359 894 345 544 955 90 331
26 120 858 106 768 328 461 289 489 891 197 275 279 665 736 640 801 522 892 359 894 345 544 955 90 331 242 944
28 134 858 106 768 328 461 289 489 891 197 275 279 665 736 640 801 522 892 359 894 345 544 955 90 331 242 944 164 195
30 148 858 106 768 328 461 289 489 891 197 275 279 665 736 640 801 522 892 359 894 345 544 955 90 331 242 944 164 195 486 393
32 162 858 106 768 328 461 289 489 891 197 275 279 665 736 640 801 522 892 359 894 345 544 955 90 331 242 944 164 195 486 393 897 668
34 177 858 106 768 328 461 289 489 891 197 275 279 665 736 640 801 522 892 359 894 345 544 955 90 331 242 944 164 195 486 393 897 668 179 575
36 192 858 106 768 328 461 289 489 891 197 275 279 665 736 640 801 522 892 359 894 345 544 955 90 331 242 944 164 195 486 393 897 668 179 575 333 901
38 207 858 106 768 328 461 289 489 891 197 275 279 665 736 640 801 522 892 359 894 345 544 955 90 331 242 944 164 195 486 393 897 668 179 575 333 901 399 262
40 222 858 106 768 328 461 289 489 891 197 275 279 665 736 640 801 522 892 359 894 345 544 955 90 331 242 944 164 195 486 393 897 668 179 575 333 901 399 262 423 825
42 238 858 106 768 328 461 289 489 891 197 275 279 665 736 640 801 522 892 359 894 345 544 955 90 331 242 944 164 195 486 393 897 668 179 575 333 901 399 262 423 825 347 560
44 255 858 106 768 328 461 289 489 891 197 275 279 665 736 640 801 522 892 359 894 345 544 955 90 331 242 944 164 195 486 393 897 668 179 575 333 901 399 262 423 825 347 560 73 280
46 272 858 106 768 328 461 289 489 891 197 275 279 665 736 640 801 522 892 359 894 345 544 955 90 331 242 944 164 195 486 393 897 668 179 575 333 901 399 262 423 825 347 560 73 280 141 9
48 289 858 106 768 328 461 289 489 891 197 275 279 665 736 640 801 522 892 359 894 345 544 955 90 331 242 944 164 195 486 393 897 668 179 575 333 901 399 262 423 825 347 560 73 280 141 9 601 192
50 306 858 106 768 328 461 289 489 891 197 275 279 665 736 640 801 522 892 359 894 345 544 955 90 331 242 944 164 195 486 393 897 668 179 575 333 901 399 262 423 825 347 560 73 280 141 9 601 192 707 264
52 323 858 106 768 328 461 289 489 891 197 275 279 665 736 640 801 522 892 359 894 345 544 955 90 331 242 944 164 195 486 393 897 668 179 575 333 901 399 262 423 825 347 560 73 280 141 9 601 192 707 264 982 908
54 341 858 106 768 328 461 289 489 891 197 275 279 665 736 640 801 522 892 359 894 345 544 955 90 331 242 944 164 195 486 393 897 668 179 575 333 901 399 262 423 825 347 560 73 280 141 9 601 192 707 264 982 908 79 807
56 361 858 106 768 328 461 289 489 891 197 275 279 665 736 640 801 522 892 359 894 345 544 955 90 331 242 944 164 195 486 393 897 668 179 575 333 901 399 262 423 825 347 560 73 280 141 9 601 192 707 264 982 908 79 807 612 109
58 384 858 106 768 328 461 289 489 891 197 275 279 665 736 640 801 522 892 359 894 345 544 955 90 331 242 944 164 195 486 393 897 668 179 575 333 901 399 262 423 825 347 560 73 280 141 9 601 192 707 264 982 908 79 807 612 109 68 352
60 407 858 106 768 328 461 289 489 891 197 275 279 665 736 640 801 522 892 359 894 345 544 955 90 331 242 944 164 195 486 393 897 668 179 575 333 901 399 262 423 825 347 560 73 280 141 9 601 192 707 264 982 908 79 807 612 109 68 352 909 867
62 432 858 106 768 328 461 289 489 891 197 275 279 665 736 640 801 522 892 359 894 345 544 955 90 331 242 944 164 195 486 393 897 668 179 575 333 901 399 262 423 825 347 560 73 280 141 9 601 192 707 264 982 908 79 807 612 109 68 352 909 867 121 174
64 459 858 106 768 328 461 289 489 891 197 275 279 665 736 640 801 522 892 359 894 345 544 955 90 331 242 944 164 195 486 393 897 668 179 575 333 901 399 262 423 825 347 560 73 280 141 9 601 192 707 264 982 908 79 807 612 109 68 352 909 867 121 174 886 687
66 488 858 106 768 328 461 289 489 891 197 275 279 665 736 640 801 522 892 359 894 345 544 955 90 331 242 944 164 195 486 393 897 668 179 575 333 901 399 262 423 825 347 560 73 280 141 9 601 192 707 264 982 908 79 807 612 109 68 352 909 867 121 174 886 687 453 0
68 517 858 106 768 328 461 289 489 891 197 275 279 665 736 640 801 522 892 359 894 345 544 955 90 331 242 944 164 195 486 393 897 668 179 575 333 901 399 262 423 825 347 560 73 280 141 9 601 192 707 264 982 908 79 807 612 109 68 352 909 867 121 174 886 687 453 0 762 719
70 547 858 106 768 328 461 289 489 891 197 275 279 665 736 640 801 522 892 359 894 345 544 955 90 331 242 944 164 195 486 393 897 668 179 575 333 901 399 262 423 825 347 560 73 280 141 9 601 192 707 264 982 908 79 807 612 109 68 352 909 867 121 174 886 687 453 0 762 719 3 392
72 577 858 106 768 328 461 289 489 891 197 275 279 665 736 640 801 522 892 359 894 345 544 955 90 331 242 944 164 195 486 393 897 668 179 575 333 901 399 262 423 825 347 560 73 280 141 9 601 192 707 264 982 908 79 807 612 109 68 352 909 867 121 174 886 687 453 0 762 719 3 392 80 364
74 607 858 106 768 328 461 289 489 891 197 275 279 665 736 640 801 522 892 359 894 345 544 955 90 331 242 944 164 195 486 393 897 668 179 575 333 901 399 262 423 825 347 560 73 280 141 9 601 192 707 264 982 908 79 807 612 109 68 352 909 867 121 174 886 687 453 0 762 719 3 392 80 364 994 913
76 638 858 106 768 328 461 289 489 891 197 275 279 665 736 640 801 522 892 359 894 345 544 955 90 331 242 944 164 195 486 393 897 668 179 575 333 901 399 262 423 825 347 560 73 280 141 9 601 192 707 264 982 908 79 807 612 109 68 352 909 867 121 174 886 687 453 0 762 719 3 392 80 364 994 913 368 996
78 671 858 106 768 328 461 289 489 891 197 275 279 665 736 640 801 522 892 359 894 345 544 955 90 331 242 944 164 195 486 393 897 668 179 575 333 901 399 262 423 825 347 560 73 280 141 9 601 192 707 264 982 908 79 807 612 109 68 352 909 867 121 174 886 687 453 0 762 719 3 392 80 364 994 913 368 996 599 348
80 704 858 106 768 328 461 289 489 891 197 275 279 665 736 640 801 522 892 359 894 345 544 955 90 331 242 944 164 195 486 393 897 668 179 575 333 901 399 262 423 825 347 560 73 280 141 9 601 192 707 264 982 908 79 807 612 109 68 352 909 867 121 174 886 687 453 0 762 719 3 392 80 364 994 913 368 996 599 348 804 95
82 737 858 106 768 328 461 289 489 891 197 275 279 665 736 640 801 522 892 359 894 345 544 955 90 331 242 944 164 195 486 393 897 668 179 575 333 901 399 262 423 825 347 560 73 280 141 9 601 192 707 264 982 908 79 807 612 109 68 352 909 867 121 174 886 687 453 0 762 719 3 392 80 364 994 913 368 996 599 348 804 95 835 209
84 772 858 106 768 328 461 289 489 891 197 275 279 665 736 640 801 522 892 359 894 345 544 955 90 331 242 944 164 195 486 393 897 668 179 575 333 901 399 262 423 825 347 560 73 280 141 9 601 192 707 264 982 908 79 807 612 109 68 352 909 867 121 174 886 687 453 0 762 719 3 392 80 364 994 913 368 996 599 348 804 95 835 209 618 301
86 808 858 106 768 328 461 289 489 891 197 275 279 665 736 640 801 522 892 359 894 345 544 955 90 331 242 944 164 195 486 393 897 668 179 575 333 901 399 262 423 825 347 560 73 280 141 9 601 192 707 264 982 908 79 807 612 109 68 352 909 867 121 174 886 687 453 0 762 719 3 392 80 364 994 913 368 996 599 348 804 95 835 209 618 301 353 519
88 844 858 106 768 328 461 289 489 891 197 275 279 665 736 640 801 522 892 359 894 345 544 955 90 331 242 944 164 195 486 393 897 668 179 575 333 901 399 262 423 825 347 560 73 280 141 9 601 192 707 264 982 908 79 807 612 109 68 352 909 867 121 174 886 687 453 0 762 719 3 392 80 364 994 913 368 996 599 348 804 95 835 209 618 301 353 519 667 188
90 881 858 106 768 328 461 289 489 891 197 275 279 665 736 640 801 522 892 359 894 345 544 955 90 331 242 944 164 195 486 393 897 668 179 575 333 901 399 262 423 825 347 560 73 280 141 9 601 192 707 264 982 908 79 807 612 109 68 352 909 867 121 174 886 687 453 0 762 719 3 392 80 364 994 913 368 996 599 348 804 95 835 209 618 301 353 519 667 188 228 535
92 919 858 106 768 328 461 289 489 891 197 275 279 665 736 640 801 522 892 359 894 345 544 955 90 331 242 944 164 195 486 393 897 668 179 575 333 901 399 262 423 825 347 560 73 280 141 9 601 192 707 264 982 908 79 807 612 109 68 352 909 867 121 174 886 687 453 0 762 719 3 392 80 364 994 913 368 996 599 348 804 95 835 209 618 301 353 519 667 188 228 535 592 636
94 958 858 106 768 328 461 289 489 891 197 275 279 665 736 640 801 522 892 359 894 345 544 955 90 331 242 944 164 195 486 393 897 668 179 575 333 901 399 262 423 825 347 560 73 280 141 9 601 192 707 264 982 908 79 807 612 109 68 352 909 867 121 174 886 687 453 0 762 719 3 392 80 364 994 913 368 996 599 348 804 95 835 209 618 301 353 519 667 188 228 535 592 636 239 848
96 997 858 106 768 328 461 289 489 891 197 275 279 665 736 640 801 522 892 359 894 345 544 955 90 331 242 944 164 195 486 393 897 668 179 575 333 901 399 262 423 825 347 560 73 280 141 9 601 192 707 264 982 908 79 807 612 109 68 352 909 867 121 174 886 687 453 0 762 719 3 392 80 364 994 913 368 996 599 348 804 95 835 209 618 301 353 519 667 188 228 535 592 636 239 848 475 591
98 1038 858 106 768 328 461 289 489 891 197 275 279 665 736 640 801 522 892 359 894 345 544 955 90 331 242 944 164 195 486 393 897 668 179 575 333 901 399 262 423 825 347 560 73 280 141 9 601 192 707 264 982 908 79 807 612 109 68 352 909 867 121 174 886 687 453 0 762 719 3 392 80 364 994 913 368 996 599 348 804 95 835 209 618 301 353 519 667 188 228 535 592 636 239 848 475 591 650 22
100 1080 858 106 768 328 461 289 489 891 197 275 279 665 736 640 801 522 892 359 894 345 544 955 90 331 242 944 164 195 486 393 897 668 179 575 333 901 399 262 423 825 347 560 73 280 141 9 601 192 707 264 982 908 79 807 612 109 68 352 909 867 121 174 886 687 453 0 762 719 3 392 80 364 994 913 368 996 599 348 804 95 835 209 618 301 353 519 667 188 228 535 592 636 239 848 475 591 650 22 741 633
102 1124 858 106 768 328 461 289 489 891 197 275 279 665 736 640 801 522 892 359 894 345 544 955 90 331 242 944 164 195 486 393 897 668 179 575 333 901 399 262 423 825 347 560 73 280 141 9 601 192 707 264 982 908 79 807 612 109 68 352 909 867 121 174 886 687 453 0 762 719 3 392 80 364 994 913 368 996 599 348 804 95 835 209 618 301 353 519 667 188 228 535 592 636 239 848 475 591 650 22 741 633 953 954
104 1169 858 106 768 328 461 289 489 891 197 275 279 665 736 640 801 522 892 359 894 345 544 955 90 331 242 944 164 195 486 393 897 668 179 575 333 901 399 262 423 825 347 560 73 280 141 9 601 192 707 264 982 908 79 807 612 109 68 352 909 867 121 174 886 687 453 0 762 719 3 392 80 364 994 913 368 996 599 348 804 95 835 209 618 301 353 519 667 188 228 535 592 636 239 848 475 591 650 22 741 633 953 954 4 712
106 1214 858 106 768 328 461 289 489 891 197 275 279 665 736 640 801 522 892 359 894 345 544 955 90 331 242 944 164 195 486 393 897 668 179 575 333 901 399 262 423 825 347 560 73 280 141 9 601 192 707 264 982 908 79 807 612 109 68 352 909 867 121 174 886 687 453 0 762 719 3 392 80 364 994 913 368 996 599 348 804 95 835 209 618 301 353 519 667 188 228 535 592 636 239 848 475 591 650 22 741 633 953 954 4 712 412 150
108 1259 858 106 768 328 461 289 489 891 197 275 279 665 736 640 801 522 892 359 894 345 544 955 90 331 242 944 164 195 486 393 897 668 179 575 333 901 399 262 423 825 347 560 73 280 141 9 601 192 707 264 982 908 79 807 612 109 68 352 909 867 121 174 886 687 453 0 762 719 3 392 80 364 994 913 368 996 599 348 804 95 835 209 618 301 353 519 667 188 228 535 592 636 239 848 475 591 650 22 741 633 953 954 4 712 412 150 552 447
110 1304 858 106 768 328 461 289 489 891 197 275 279 665 736 640 801 522 892 359 894 345 544 955 90 331 242 944 164 195 486 393 897 668 179 575 333 901 399 262 423 825 347 560 73 280 141 9 601 192 707 264 982 908 79 807 612 109 68 352 909 867 121 174 886 687 453 0 762 719 3 392 80 364 994 913 368 996 599 348 804 95 835 209 618 301 353 519 667 188 228 535 592 636 239 848 475 591 650 22 741 633 953 954 4 712 412 150 552 447 872 287
112 1350 858 106 768 328 461 289 489 891 197 275 279 665 736 640 801 522 892 359 894 345 544 955 90 331 242 944 164 195 486 393 897 668 179 575 333 901 399 262 423 825 347 560 73 280 141 9 601 192 707 264 982 908 79 807 612 109 68 352 909 867 121 174 886 687 453 0 762 719 3 392 80 364 994 913 368 996 599 348 804 95 835 209 618 301 353 519 667 188 228 535 592 636 239 848 475 591 650 22 741 633 953 954 4 712 412 150 552 447 872 287 58 363
114 1397 858 106 768 328 461 289 489 891 197 275 279 665 736 640 801 522 892 359 894 345 544 955 90 331 242 944 164 195 486 393 897 668 179 575 333 901 399 262 423 825 347 560 73 280 141 9 601 192 707 264 982 908 79 807 612 109 68 352 909 867 121 174 886 687 453 0 762 719 3 392 80 364 994 913 368 996 599 348 804 95 835 209 618 301 353 519 667 188 228 535 592 636 239 848 475 591 650 22 741 633 953 954 4 712 412 150 552 447 872 287 58 363 354 935
116 1444 858 106 768 328 461 289 489 891 197 275 279 665 736 640 801 522 892 359 894 345 544 955 90 331 242 944 164 195 486 393 897 668 179 575 333 901 399 262 423 825 347 560 73 280 141 9 601 192 707 264 982 908 79 807 612 109 68 352 909 867 121 174 886 687 453 0 762 719 3 392 80 364 994 913 368 996 599 348 804 95 835 209 618 301 353 519 667 188 228 535 592 636 239 848 475 591 650 22 741 633 953 954 4 712 412 150 552 447 872 287 58 363 354 935 597 142
118 1492 858 106 768 328 461 289 489 891 197 275 279 665 736 640 801 522 892 359 894 345 544 955 90 331 242 944 164 195 486 393 897 668 179 575 333 901 399 262 423 825 347 560 73 280 141 9 601 192 707 264 982 908 79 807 612 109 68 352 909 867 121 174 886 687 453 0 762 719 3 392 80 364 994 913 368 996 599 348 804 95 835 209 618 301 353 519 667 188 228 535 592 636 239 848 475 591 650 22 741 633 953 954 4 712 412 150 552 447 872 287 58 363 354 935 597 142 745 656
120 1541 858 106 768 328 461 289 489 891 197 275 279 665 736 640 801 522 892 359 894 345 544 955 90 331 242 944 164 195 486 393 897 668 179 575 333 901 399 262 423 825 347 560 73 280 141 9 601 192 707 264 982 908 79 807 612 109 68 352 909 867 121 174 886 687 453 0 762 719 3 392 80 364 994 913 368 996 599 348 804 95 835 209 618 301 353 519 667 188 228 535 592 636 239 848 475 591 650 22 741 633 953 954 4 712 412 150 552 447 872 287 58 363 354 935 597 142 745 656 383 722
122 1592 858 106 768 328 461 289 489 891 197 275 279 665 736 640 801 522 892 359 894 345 544 955 90 331 242 944 164 195 486 393 897 668 179 575 333 901 399 262 423 825 347 560 73 280 141 9 601 192 707 264 982 908 79 807 612 109 68 352 909 867 121 174 886 687 453 0 762 719 3 392 80 364 994 913 368 996 599 348 804 95 835 209 618 301 353 519 667 188 228 535 592 636 239 848 475 591 650 22 741 633 953 954 4 712 412 150 552 447 872 287 58 363 354 935 597 142 745 656 383 722 917 685
124 1644 858 106 768 328 461 289 489 891 197 275 279 665 736 640 801 522 892 359 894 345 544 955 90 331 242 944 164 195 486 393 897 668 179 575 333 901 399 262 423 825 347 560 73 280 141 9 601 192 707 264 982 908 79 807 612 109 68 352 909 867 121 174 886 687 453 0 762 719 3 392 80 364 994 913 368 996 599 348 804 95 835 209 618 301 353 519 667 188 228 535 592 636 239 848 475 591 650 22 741 633 953 954 4 712 412 150 552 447 872 287 58 363 354 935 597 142 745 656 383 722 917 685 696 257
126 1698 858 106 768 328 461 289 489 891 197 275 279 665 736 640 801 522 892 359 894 345 544 955 90 331 242 944 164 195 486 393 897 668 179 575 333 901 399 262 423 825 347 560 73 280 141 9 601 192 707 264 982 908 79 807 612 109 68 352 909 867 121 174 886 687 453 0 762 719 3 392 80 364 994 913 368 996 599 348 804 95 835 209 618 301 353 519 667 188 228 535 592 636 239 848 475 591 650 22 741 633 953 954 4 712 412 150 552 447 872 287 58 363 354 935 597 142 745 656 383 722 917 685 696 257 950 295
128 1762 858 106 768 328 461 289 489 891 197 275 279 665 736 640 801 522 892 359 894 345 544 955 90 331 242 944 164 195 486 393 897 668 179 575 333 901 399 262 423 825 347 560 73 280 141 9 601 192 707 264 982 908 79 807 612 109 68 352 909 867 121 174 886 687 453 0 762 719 3 392 80 364 994 913 368 996 599 348 804 95 835 209 618 301 353 519 667 188 228 535 592 636 239 848 475 591 650 22 741 633 953 954 4 712 412 150 552 447 872 287 58 363 354 935 597 142 745 656 383 722 917 685 696 257 950 295 929 494
130 1832 858 106 768 328 461 289 489 891 197 275 279 665 736 640 801 522 892 359 894 345 544 955 90 331 242 944 164 195 486 393 897 668 179 575 333 901 399 262 423 825 347 560 73 280 141 9 601 192 707 264 982 908 79 807 612 109 68 352 909 867 121 174 886 687 453 0 762 719 3 392 80 364 994 913 368 996 599 348 804 95 835 209 618 301 353 519 667 188 228 535 592 636 239 848 475 591 650 22 741 633 953 954 4 712 412 150 552 447 872 287 58 363 354 935 597 142 745 656 383 722 917 685 696 257 950 295 929 494 557 107
132 1903 858 106 768 328 461 289 489 891 197 275 279 665 736 640 801 522 892 359 894 345 544 955 90 331 242 944 164 195 486 393 897 668 179 575 333 901 399 262 423 825 347 560 73 280 141 9 601 192 707 264 982 908 79 807 612 109 68 352 909 867 121 174 886 687 453 0 762 719 3 392 80 364 994 913 368 996 599 348 804 95 835 209 618 301 353 519 667 188 228 535 592 636 239 848 475 591 650 22 741 633 953 954 4 712 412 150 552 447 872 287 58 363 354 935 597 142 745 656 383 722 917 685 696 257 950 295 929 494 557 107 488 596
134 1977 858 106 768 328 461 289 489 891 197 275 279 665 736 640 801 522 892 359 894 345 544 955 90 331 242 944 164 195 486 393 897 668 179 575 333 901 399 262 423 825 347 560 73 280 141 9 601 192 707 264 982 908 79 807 612 109 68 352 909 867 121 174 886 687 453 0 762 719 3 392 80 364 994 913 368 996 599 348 804 95 835 209 618 301 353 519 667 188 228 535 592 636 239 848 475 591 650 22 741 633 953 954 4 712 412 150 552 447 872 287 58 363 354 935 597 142 745 656 383 722 917 685 696 257 950 295 929 494 557 107 488 596 246 89
136 2055 858 106 768 328 461 289 489 891 197 275 279 665 736 640 801 522 892 359 894 345 544 955 90 331 242 944 164 195 486 393 897 668 179 575 333 901 399 262 423 825 347 560 73 280 141 9 601 192 707 264 982 908 79 807 612 109 68 352 909 867 121 174 886 687 453 0 762 719 3 392 80 364 994 913 368 996 599 348 804 95 835 209 618 301 353 519 667 188 228 535 592 636 239 848 475 591 650 22 741 633 953 954 4 712 412 150 552 447 872 287 58 363 354 935 597 142 745 656 383 722 917 685 696 257 950 295 929 494 557 107 488 596 246 89 282 465
138 2135 858 106 768 328 461 289 489 891 197 275 279 665 736 640 801 522 892 359 894 345 544 955 90 331 242 944 164 195 486 393 897 668 179 575 333 901 399 262 423 825 347 560 73 280 141 9 601 192 707 264 982 908 79 807 612 109 68 352 909 867 121 174 886 687 453 0 762 719 3 392 80 364 994 913 368 996 599 348 804 95 835 209 618 301 353 519 667 188 228 535 592 636 239 848 475 591 650 22 741 633 953 954 4 712 412 150 552 447 872 287 58 363 354 935 597 142 745 656 383 722 917 685 696 257 950 295 929 494 557 107 488 596 246 89 282 465 128 743
140 2218 858 106 768 328 461 289 489 891 197 275 279 665 736 640 801 522 892 359 894 345 544 955 90 331 242 944 164 195 486 393 897 668 179 575 333 901 399 262 423 825 347 560 73 280 141 9 601 192 707 264 982 908 79 807 612 109 68 352 909 867 121 174 886 687 453 0 762 719 3 392 80 364 994 913 368 996 599 348 804 95 835 209 618 301 353 519 667 188 228 535 592 636 239 848 475 591 650 22 741 633 953 954 4 712 412 150 552 447 872 287 58 363 354 935 597 142 745 656 383 722 917 685 696 257 950 295 929 494 557 107 488 596 246 89 282 465 128 743 274 828
142 2311 858 106 768 328 461 289 489 891 197 275 279 665 736 640 801 522 892 359 894 345 544 955 90 331 242 944 164 195 486 393 897 668 179 575 333 901 399 262 423 825 347 560 73 280 141 9 601 192 707 264 982 908 79 807 612 109 68 352 909 867 121 174 886 687 453 0 762 719 3 392 80 364 994 913 368 996 599 348 804 95 835 209 618 301 353 519 667 188 228 535 592 636 239 848 475 591 650 22 741 633 953 954 4 712 412 150 552 447 872 287 58 363 354 935 597 142 745 656 383 722 917 685 696 257 950 295 929 494 557 107 488 596 246 89 282 465 128 743 274 828 992 787
144 2426 858 106 768 328 461 289 489 891 197 275 279 665 736 640 801 522 892 359 894 345 544 955 90 331 242 944 164 195 486 393 897 668 179 575 333 901 399 262 423 825 347 560 73 280 141 9 601 192 707 264 982 908 79 807 612 109 68 352 909 867 121 174 886 687 453 0 762 719 3 392 80 364 994 913 368 996 599 348 804 95 835 209 618 301 353 519 667 188 228 535 592 636 239 848 475 591 650 22 741 633 953 954 4 712 412 150 552 447 872 287 58 363 354 935 597 142 745 656 383 722 917 685 696 257 950 295 929 494 557 107 488 596 246 89 282 465 128 743 274 828 992 787 770 733
2 1 858 106
4 6 858 106 768 328
6 13 858 106 768 328 461 289
8 21 858 106 768 328 461 289 489 891
10 31 858 106 768 328 461 289 489 891 197 275
12 41 858 106 768 328 461 289 489 891 197 275 279 665
14 51 858 106 768 328 461 289 489 891 197 275 279 665 736 640
16 61 858 106 768 328 461 289 489 891 197 275 279 665 736 640 801 522
18 71 858 106 768 328 461 289 489 891 197 275 279 665 736 640 801 522 892 359
20 82 858 106 768 328 461 289 489 891 197 275 279 665 736 640 801 522 892 359 894 345
22 94 858 106 768 328 461 289 489 891 197 275 279 665 736 640 801 522 892 359 894 345 544 955
24 107 858 106 768 328 461 289 489 891 197 275 279 665 736 640 801 522 892 359 894 345 544 955 90 331
26 120 858 106 768 328 461 289 489 891 197 275 279 665 736 640 801 522 892 359 894 345 544 955 90 331 242 944
28 134 858 106 768 328 461 289 489 891 197 275 279 665 736 640 801 522 892 359 894 345 544 955 90 331 242 944 164 195
30 148 858 106 768 328 461 289 489 891 197 275 279 665 736 640 801 522 892 359 894 345 544 955 90 331 242 944 164 195 486 393
32 162 858 106 768 328 461 289 489 891 197 275 279 665 736 640 801 522 892 359 894 345 544 955 90 331 242 944 164 195 486 393 897 668
34 177 858 106 768 328 461 289 489 891 197 275 279 665 736 640 801 522 892 359 894 345 544 955 90 331 242 944 164 195 486 393 897 668 179 575
36 192 858 106 768 328 461 289 489 891 197 275 279 665 736 640 801 522 892 359 894 345 544 955 90 331 242 944 164 195 486 393 897 668 179 575 333 901
38 207 858 106 768 328 461 289 489 891 197 275 279 665 736 640 801 522 892 359 894 345 544 955 90 331 242 944 164 195 486 393 897 668 179 575 333 901 399 262
40 222 858 106 768 328 461 289 489 891 197 275 279 665 736 640 801 522 892 359 894 345 544 955 90 331 242 944 164 195 486 393 897 668 179 575 333 901 399 262 423 825
42 238 858 106 768 328 461 289 489 891 197 275 279 665 736 640 801 522 892 359 894 345 544 955 90 331 242 944 164 195 486 393 897 668 179 575 333 901 399 262 423 825 347 560
44 255 858 106 768 328 461 289 489 891 197 275 279 665 736 640 801 522 892 359 894 345 544 955 90 331 242 944 164 195 486 393 897 668 179 575 333 901 399 262 423 825 347 560 73 280
46 272 858 106 768 328 461 289 489 891 197 275 279 665 736 640 801 522 892 359 894 345 544 955 90 331 242 944 164 195 486 393 897 668 179 575 333 901 399 262 423 825 347 560 73 280 141 9
48 289 858 106 768 328 461 289 489 891 197 275 279 665 736 640 801 522 892 359 894 345 544 955 90 331 242 944 164 195 486 393 897 668 179 575 333 901 399 262 423 825 347 560 73 280 141 9 601 192
50 306 858 106 768 328 461 289 489 891 197 275 279 665 736 640 801 522 892 359 894 345 544 955 90 331 242 944 164 195 486 393 897 668 179 575 333 901 399 262 423 825 347 560 73 280 141 9 601 192 707 264
52 323 858 106 768 328 461 289 489 891 197 275 279 665 736 640 801 522 892 359 894 345 544 955 90 331 242 944 164 195 486 393 897 668 179 575 333 901 399 262 423 825 347 560 73 280 141 9 601 192 707 264 982 908
54 341 858 106 768 328 461 289 489 891 197 275 279 665 736 640 801 522 892 359 894 345 544 955 90 331 242 944 164 195 486 393 897 668 179 575 333 901 399 262 423 825 347 560 73 280 141 9 601 192 707 264 982 908 79 807
56 361 858 106 768 328 461 289 489 891 197 275 279 665 736 640 801 522 892 359 894 345 544 955 90 331 242 944 164 195 486 393 897 668 179 575 333 901 399 262 423 825 347 560 73 280 141 9 601 192 707 264 982 908 79 807 612 109
58 384 858 106 768 328 461 289 489 891 197 275 279 665 736 640 801 522 892 359 894 345 544 955 90 331 242 944 164 195 486 393 897 668 179 575 333 901 399 262 423 825 347 560 73 280 141 9 601 192 707 264 982 908 79 807 612 109 68 352
60 407 858 106 768 328 461 289 489 891 197 275 279 665 736 640 801 522 892 359 894 345 544 955 90 331 242 944 164 195 486 393 897 668 179 575 333 901 399 262 423 825 347 560 73 280 141 9 601 192 707 264 982 908 79 807 612 109 68 352 909 867
62 432 858 106 768 328 461 289 489 891 197 275 279 665 736 640 801 522 892 359 894 345 544 955 90 331 242 944 164 195 486 393 897 668 179 575 333 901 399 262 423 825 347 560 73 280 141 9 601 192 707 264 982 908 79 807 612 109 68 352 909 867 121 174
64 459 858 106 768 328 461 289 489 891 197 275 279 665 736 640 801 522 892 359 894 345 544 955 90 331 242 944 164 195 486 393 897 668 179 575 333 901 399 262 423 825 347 560 73 280 141 9 601 192 707 264 982 908 79 807 612 109 68 352 909 867 121 174 886 687
66 488 858 106 768 328 461 289 489 891 197 275 279 665 736 640 801 522 892 359 894 345 544 955 90 331 242 944 164 195 486 393 897 668 179 575 333 901 399 262 423 825 347 560 73 280 141 9 601 192 707 264 982 908 79 807 612 109 68 352 909 867 121 174 886 687 453 0
68 517 858 106 768 328 461 289 489 891 197 275 279 665 736 640 801 522 892 359 894 345 544 955 90 331 242 944 164 195 486 393 897 668 179 575 333 901 399 262 423 825 347 560 73 280 141 9 601 192 707 264 982 908 79 807 612 109 68 352 909 867 121 174 886 687 453 0 762 719
70 547 858 106 768 328 461 289 489 891 197 275 279 665 736 640 801 522 892 359 894 345 544 955 90 331 242 944 164 195 486 393 897 668 179 575 333 901 399 262 423 825 347 560 73 280 141 9 601 192 707 264 982 908 79 807 612 109 68 352 909 867 121 174 886 687 453 0 762 719 3 392
72 577 858 106 768 328 461 289 489 891 197 275 279 665 736 640 801 522 892 359 894 345 544 955 90 331 242 944 164 195 486 393 897 668 179 575 333 901 399 262 423 825 347 560 73 280 141 9 601 192 707 264 982 908 79 807 612 109 68 352 909 867 121 174 886 687 453 0 762 719 3 392 80 364
74 607 858 106 768 328 461 289 489 891 197 275 279 665 736 640 801 522 892 359 894 345 544 955 90 331 242 944 164 195 486 393 897 668 179 575 333 901 399 262 423 825 347 560 73 280 141 9 601 192 707 264 982 908 79 807 612 109 68 352 909 867 121 174 886 687 453 0 762 719 3 392 80 364 994 913
76 638 858 106 768 328 461 289 489 891 197 275 279 665 736 640 801 522 892 359 894 345 544 955 90 331 242 944 164 195 486 393 897 668 179 575 333 901 399 262 423 825 347 560 73 280 141 9 601 192 707 264 982 908 79 807 612 109 68 352 909 867 121 174 886 687 453 0 762 719 3 392 80 364 994 913 368 996
78 671 858 106 768 328 461 289 489 891 197 275 279 665 736 640 801 522 892 359 894 345 544 955 90 331 242 944 164 195 486 393 897 668 179 575 333 901 399 262 423 825 347 560 73 280 141 9 601 192 707 264 982 908 79 807 612 109 68 352 909 867 121 174 886 687 453 0 762 719 3 392 80 364 994 913 368 996 599 348
80 704 858 106 768 328 461 289 489 891 197 275 279 665 736 640 801 522 892 359 894 345 544 955 90 331 242 944 164 195 486 393 897 668 179 575 333 901 399 262 423 825 347 560 73 280 141 9 601 192 707 264 982 908 79 807 612 109 68 352 909 867 121 174 886 687 453 0 762 719 3 392 80 364 994 913 368 996 599 348 804 95
82 737 858 106 768 328 461 289 489 891 197 275 279 665 736 640 801 522 892 359 894 345 544 955 90 331 242 944 164 195 486 393 897 668 179 575 333 901 399 262 423 825 347 560 73 280 141 9 601 192 707 264 982 908 79 807 612 109 68 352 909 867 121 174 886 687 453 0 762 719 3 392 80 364 994 913 368 996 599 348 804 95 835 209
84 772 858 106 768 328 461 289 489 891 197 275 279 665 736 640 801 522 892 359 894 345 544 955 90 331 242 944 164 195 486 393 897 668 179 575 333 901 399 262 423 825 347 560 73 280 141 9 601 192 707 264 982 908 79 807 612 109 68 352 909 867 121 174 886 687 453 0 762 719 3 392 80 364 994 913 368 996 599 348 804 95 835 209 618 301
86 808 858 106 768 328 461 289 489 891 197 275 279 665 736 640 801 522 892 359 894 345 544 955 90 331 242 944 164 195 486 393 897 668 179 575 333 901 399 262 423 825 347 560 73 280 141 9 601 192 707 264 982 908 79 807 612 109 68 352 909 867 121 174 886 687 453 0 762 719 3 392 80 364 994 913 368 996 599 348 804 95 835 209 618 301 353 519
88 844 858 106 768 328 461 289 489 891 197 275 279 665 736 640 801 522 892 359 894 345 544 955 90 331 242 944 164 195 486 393 897 668 179 575 333 901 399 262 423 825 347 560 73 280 141 9 601 192 707 264 982 908 79 807 612 109 68 352 909 867 121 174 886 687 453 0 762 719 3 392 80 364 994 913 368 996 599 348 804 95 835 209 618 301 353 519 667 188
90 881 858 106 768 328 461 289 489 891 197 275 279 665 736 640 801 522 892 359 894 345 544 955 90 331 242 944 164 195 486 393 897 668 179 575 333 901 399 262 423 825 347 560 73 280 141 9 601 192 707 264 982 908 79 807 612 109 68 352 909 867 121 174 886 687 453 0 762 719 3 392 80 364 994 913 368 996 599 348 804 95 835 209 618 301 353 519 667 188 228 535
92 919 858 106 768 328 461 289 489 891 197 275 279 665 736 640 801 522 892 359 894 345 544 955 90 331 242 944 164 195 486 393 897 668 179 575 333 901 399 262 423 825 347 560 73 280 141 9 601 192 707 264 982 908 79 807 612 109 68 352 909 867 121 174 886 687 453 0 762 719 3 392 80 364 994 913 368 996 599 348 804 95 835 209 618 301 353 519 667 188 228 535 592 636
94 958 858 106 768 328 461 289 489 891 197 275 279 665 736 640 801 522 892 359 894 345 544 955 90 331 242 944 164 195 486 393 897 668 179 575 333 901 399 262 423 825 347 560 73 280 141 9 601 192 707 264 982 908 79 807 612 109 68 352 909 867 121 174 886 687 453 0 762 719 3 392 80 364 994 913 368 996 599 348 804 95 835 209 618 301 353 519 667 188 228 535 592 636 239 848
96 997 858 106 768 328 461 289 489 891 197 275 279 665 736 640 801 522 892 359 894 345 544 955 90 331 242 944 164 195 486 393 897 668 179 575 333 901 399 262 423 825 347 560 73 280 141 9 601 192 707 264 982 908 79 807 612 109 68 352 909 867 121 174 886 687 453 0 762 719 3 392 80 364 994 913 368 996 599 348 804 95 835 209 618 301 353 519 667 188 228 535 592 636 239 848 475 591
98 1038 858 106 768 328 461 289 489 891 197 275 279 665 736 640 801 522 892 359 894 345 544 955 90 331 242 944 164 195 486 393 897 668 179 575 333 901 399 262 423 825 347 560 73 280 141 9 601 192 707 264 982 908 79 807 612 109 68 352 909 867 121 174 886 687 453 0 762 719 3 392 80 364 994 913 368 996 599 348 804 95 835 209 618 301 353 519 667 188 228 535 592 636 239 848 475 591 650 22
100 1080 858 106 768 328 461 289 489 891 197 275 279 665 736 640 801 522 892 359 894 345 544 955 90 331 242 944 164 195 486 393 897 668 179 575 333 901 399 262 423 825 347 560 73 280 141 9 601 192 707 264 982 908 79 807 612 109 68 352 909 867 121 174 886 687 453 0 762 719 3 392 80 364 994 913 368 996 599 348 804 95 835 209 618 301 353 519 667 188 228 535 592 636 239 848 475 591 650 22 741 633
102 1124 858 106 768 328 461 289 489 891 197 275 279 665 736 640 801 522 892 359 894 345 544 955 90 331 242 944 164 195 486 393 897 668 179 575 333 901 399 262 423 825 347 560 73 280 141 9 601 192 707 264 982 908 79 807 612 109 68 352 909 867 121 174 886 687 453 0 762 719 3 392 80 364 994 913 368 996 599 348 804 95 835 209 618 301 353 519 667 188 228 535 592 636 239 848 475 591 650 22 741 633 953 954
104 1169 858 106 768 328 461 289 489 891 197 275 279 665 736 640 801 522 892 359 894 345 544 955 90 331 242 944 164 195 486 393 897 668 179 575 333 901 399 262 423 825 347 560 73 280 141 9 601 192 707 264 982 908 79 807 612 109 68 352 909 867 121 174 886 687 453 0 762 719 3 392 80 364 994 913 368 996 599 348 804 95 835 209 618 301 353 519 667 188 228 535 592 636 239 848 475 591 650 22 741 633 953 954 4 712
106 1214 858 106 768 328 461 289 489 891 197 275 279 665 736 640 801 522 892 359 894 345 544 955 90 331 242 944 164 195 486 393 897 668 179 575 333 901 399 262 423 825 347 560 73 280 141 9 601 192 707 264 982 908 79 807 612 109 68 352 909 867 121 174 886 687 453 0 762 719 3 392 80 364 994 913 368 996 599 348 804 95 835 209 618 301 353 519 667 188 228 535 592 636 239 848 475 591 650 22 741 633 953 954 4 712 412 150
108 1259 858 106 768 328 461 289 489 891 197 275 279 665 736 640 801 522 892 359 894 345 544 955 90 331 242 944 164 195 486 393 897 668 179 575 333 901 399 262 423 825 347 560 73 280 141 9 601 192 707 264 982 908 79 807 612 109 68 352 909 867 121 174 886 687 453 0 762 719 3 392 80 364 994 913 368 996 599 348 804 95 835 209 618 301 353 519 667 188 228 535 592 636 239 848 475 591 650 22 741 633 953 954 4 712 412 150 552 447
110 1304 858 106 768 328 461 289 489 891 197 275 279 665 736 640 801 522 892 359 894 345 544 955 90 331 242 944 164 195 486 393 897 668 179 575 333 901 399 262 423 825 347 560 73 280 141 9 601 192 707 264 982 908 79 807 612 109 68 352 909 867 121 174 886 687 453 0 762 719 3 392 80 364 994 913 368 996 599 348 804 95 835 209 618 301 353 519 667 188 228 535 592 636 239 848 475 591 650 22 741 633 953 954 4 712 412 150 552 447 872 287
112 1350 858 106 768 328 461 289 489 891 197 275 279 665 736 640 801 522 892 359 894 345 544 955 90 331 242 944 164 195 486 393 897 668 179 575 333 901 399 262 423 825 347 560 73 280 141 9 601 192 707 264 982 908 79 807 612 109 68 352 909 867 121 174 886 687 453 0 762 719 3 392 80 364 994 913 368 996 599 348 804 95 835 209 618 301 353 519 667 188 228 535 592 636 239 848 475 591 650 22 741 633 953 954 4 712 412 150 552 447 872 287 58 363
114 1397 858 106 768 328 461 289 489 891 197 275 279 665 736 640 801 522 892 359 894 345 544 955 90 331 242 944 164 195 486 393 897 668 179 575 333 901 399 262 423 825 347 560 73 280 141 9 601 192 707 264 982 908 79 807 612 109 68 352 909 867 121 174 886 687 453 0 762 719 3 392 80 364 994 913 368 996 599 348 804 95 835 209 618 301 353 519 667 188 228 535 592 636 239 848 475 591 650 22 741 633 953 954 4 712 412 150 552 447 872 287 58 363 354 935
116 1444 858 106 768 328 461 289 489 891 197 275 279 665 736 640 801 522 892 359 894 345 544 955 90 331 242 944 164 195 486 393 897 668 179 575 333 901 399 262 423 825 347 560 73 280 141 9 601 192 707 264 982 908 79 807 612 109 68 352 909 867 121 174 886 687 453 0 762 719 3 392 80 364 994 913 368 996 599 348 804 95 835 209 618 301 353 519 667 188 228 535 592 636 239 848 475 591 650 22 741 633 953 954 4 712 412 150 552 447 872 287 58 363 354 935 597 142
118 1492 858 106 768 328 461 289 489 891 197 275 279 665 736 640 801 522 892 359 894 345 544 955 90 331 242 944 164 195 486 393 897 668 179 575 333 901 399 262 423 825 347 560 73 280 141 9 601 192 707 264 982 908 79 807 612 109 68 352 909 867 121 174 886 687 453 0 762 719 3 392 80 364 994 913 368 996 599 348 804 95 835 209 618 301 353 519 667 188 228 535 592 636 239 848 475 591 650 22 741 633 953 954 4 712 412 150 552 447 872 287 58 363 354 935 597 142 745 656
120 1541 858 106 768 328 461 289 489 891 197 275 279 665 736 640 801 522 892 359 894 345 544 955 90 331 242 944 164 195 486 393 897 668 179 575 333 901 399 262 423 825 347 560 73 280 141 9 601 192 707 264 982 908 79 807 612 109 68 352 909 867 121 174 886 687 453 0 762 719 3 392 80 364 994 913 368 996 599 348 804 95 835 209 618 301 353 519 667 188 228 535 592 636 239 848 475 591 650 22 741 633 953 954 4 712 412 150 552 447 872 287 58 363 354 935 597 142 745 656 383 722
122 1592 858 106 768 328 461 289 489 891 197 275 279 665 736 640 801 522 892 359 894 345 544 955 90 331 242 944 164 195 486 393 897 668 179 575 333 901 399 262 423 825 347 560 73 280 141 9 601 192 707 264 982 908 79 807 612 109 68 352 909 867 121 174 886 687 453 0 762 719 3 392 80 364 994 913 368 996 599 348 804 95 835 209 618 301 353 519 667 188 228 535 592 636 239 848 475 591 650 22 741 633 953 954 4 712 412 150 552 447 872 287 58 363 354 935 597 142 745 656 383 722 917 685
124 1644 858 106 768 328 461 289 489 891 197 275 279 665 736 640 801 522 892 359 894 345 544 955 90 331 242 944 164 195 486 393 897 668 179 575 333 901 399 262 423 825 347 560 73 280 141 9 601 192 707 264 982 908 79 807 612 109 68 352 909 867 121 174 886 687 453 0 762 719 3 392 80 364 994 913 368 996 599 348 804 95 835 209 618 301 353 519 667 188 228 535 592 636 239 848 475 591 650 22 741 633 953 954 4 712 412 150 552 447 872 287 58 363 354 935 597 142 745 656 383 722 917 685 696 257
126 1698 858 106 768 328 461 289 489 891 197 275 279 665 736 640 801 522 892 359 894 345 544 955 90 331 242 944 164 195 486 393 897 668 179 575 333 901 399 262 423 825 347 560 73 280 141 9 601 192 707 264 982 908 79 807 612 109 68 352 909 867 121 174 886 687 453 0 762 719 3 392 80 364 994 913 368 996 599 348 804 95 835 209 618 301 353 519 667 188 228 535 592 636 239 848 475 591 650 22 741 633 953 954 4 712 412 150 552 447 872 287 58 363 354 935 597 142 745 656 383 722 917 685 696 257 950 295
128 1762 858 106 768 328 461 289 489 891 197 275 279 665 736 640 801 522 892 359 894 345 544 955 90 331 242 944 164 195 486 393 897 668 179 575 333 901 399 262 423 825 347 560 73 280 141 9 601 192 707 264 982 908 79 807 612 109 68 352 909 867 121 174 886 687 453 0 762 719 3 392 80 364 994 913 368 996 599 348 804 95 835 209 618 301 353 519 667 188 228 535 592 636 239 848 475 591 650 22 741 633 953 954 4 712 412 150 552 447 872 287 58 363 354 935 597 142 745 656 383 722 917 685 696 257 950 295 929 494
130 1832 858 106 768 328 461 289 489 891 197 275 279 665 736 640 801 522 892 359 894 345 544 955 90 331 242 944 164 195 486 393 897 668 179 575 333 901 399 262 423 825 347 560 73 280 141 9 601 192 707 264 982 908 79 807 612 109 68 352 909 867 121 174 886 687 453 0 762 719 3 392 80 364 994 913 368 996 599 348 804 95 835 209 618 301 353 519 667 188 228 535 592 636 239 848 475 591 650 22 741 633 953 954 4 712 412 150 552 447 872 287 58 363 354 935 597 142 745 656 383 722 917 685 696 257 950 295 929 494 557 107
132 1903 858 106 768 328 461 289 489 891 197 275 279 665 736 640 801 522 892 359 894 345 544 955 90 331 242 944 164 195 486 393 897 668 179 575 333 901 399 262 423 825 347 560 73 280 141 9 601 192 707 264 982 908 79 807 612 109 68 352 909 867 121 174 886 687 453 0 762 719 3 392 80 364 994 913 368 996 599 348 804 95 835 209 618 301 353 519 667 188 228 535 592 636 239 848 475 591 650 22 741 633 953 954 4 712 412 150 552 447 872 287 58 363 354 935 597 142 745 656 383 722 917 685 696 257 950 295 929 494 557 107 488 596
