0 TeraDragon_0 0 0 0 0 0 0 0 0 0 0 0 0 0 0 0 0 0 0 0 0 3 0 0 0 1 66774
1 TeraDragon_1 0 0 0 0 0 0 0 0 0 0 0 0 0 0 0 0 0 0 0 0 5 0 0 0 0 41667
2 TeraDragon_2 0 0 0 0 0 0 0 0 0 0 0 0 0 0 0 0 0 0 0 0 2 0 0 0 1 50298
3 TeraDragon_3 0 0 0 0 0 0 0 0 0 0 0 0 0 0 0 0 0 0 0 0 3 1 0 0 1 167224
4 TeraDragon_4 0 0 0 0 0 0 0 0 0 0 0 0 0 0 0 0 0 0 0 0 5 0 0 0 1 100766
5 TeraDragon_5 0 0 0 0 0 0 0 0 0 0 0 0 0 0 0 0 0 0 0 0 2 1 1 1 0 336161
6 TeraDragon_6 0 0 0 0 0 0 0 0 0 0 0 0 0 0 0 0 0 0 0 0 2 0 1 1 0 133968
7 TeraDragon_7 0 0 0 0 0 0 0 0 0 0 0 0 0 0 0 0 0 0 0 0 4 0 1 0 0 84095
8 TeraDragon_8 0 0 0 0 0 0 0 0 0 0 0 0 0 0 0 0 0 0 0 0 3 0 0 0 0 25009
9 TeraDragon_9 0 0 0 0 0 0 0 0 0 0 0 0 0 0 0 0 0 0 0 0 4 0 0 0 0 33350
10 TeraBeast_0 0 0 0 0 0 0 0 0 0 0 0 0 0 0 0 0 0 0 0 0 1 2 0 1 0 133771
11 TeraBeast_1 0 0 0 0 0 0 0 0 0 0 0 0 0 0 0 0 0 0 0 0 1 2 1 0 0 133424
12 TeraBeast_2 0 0 0 0 0 0 0 0 0 0 0 0 0 0 0 0 0 0 0 0 1 3 1 1 0 402753
13 TeraBeast_3 0 0 0 0 0 0 0 0 0 0 0 0 0 0 0 0 0 0 0 0 0 2 0 0 1 50076
14 TeraBeast_4 0 0 0 0 0 0 0 0 0 0 0 0 0 0 0 0 0 0 0 0 1 2 1 0 1 334455
15 TeraBeast_5 0 0 0 0 0 0 0 0 0 0 0 0 0 0 0 0 0 0 0 0 1 2 1 1 1 803142
16 TeraBeast_6 0 0 0 0 0 0 0 0 0 0 0 0 0 0 0 0 0 0 0 0 1 2 0 1 1 335978
17 TeraBeast_7 0 0 0 0 0 0 0 0 0 0 0 0 0 0 0 0 0 0 0 0 0 5 0 1 0 100869
18 TeraBeast_8 0 0 0 0 0 0 0 0 0 0 0 0 0 0 0 0 0 0 0 0 0 4 0 1 1 200710
19 TeraBeast_9 0 0 0 0 0 0 0 0 0 0 0 0 0 0 0 0 0 0 0 0 0 4 0 2 0 200458
20 TeraGod_0 0 0 0 0 0 0 0 0 0 0 0 0 0 0 0 0 0 0 0 0 0 1 3 0 1 166798
21 TeraGod_1 0 0 0 0 0 0 0 0 0 0 0 0 0 0 0 0 0 0 0 0 0 1 3 0 0 66910
22 TeraGod_2 0 0 0 0 0 0 0 0 0 0 0 0 0 0 0 0 0 0 0 0 1 0 2 1 0 133475
23 TeraGod_3 0 0 0 0 0 0 0 0 0 0 0 0 0 0 0 0 0 0 0 0 1 1 2 0 1 333430
24 TeraGod_4 0 0 0 0 0 0 0 0 0 0 0 0 0 0 0 0 0 0 0 0 0 0 3 1 0 66872
25 TeraGod_5 0 0 0 0 0 0 0 0 0 0 0 0 0 0 0 0 0 0 0 0 0 0 4 0 0 33662
26 TeraGod_6 0 0 0 0 0 0 0 0 0 0 0 0 0 0 0 0 0 0 0 0 0 0 4 0 1 83984
27 TeraGod_7 0 0 0 0 0 0 0 0 0 0 0 0 0 0 0 0 0 0 0 0 0 0 6 0 0 50216
28 TeraGod_8 0 0 0 0 0 0 0 0 0 0 0 0 0 0 0 0 0 0 0 0 0 0 3 2 0 167454
29 TeraGod_9 0 0 0 0 0 0 0 0 0 0 0 0 0 0 0 0 0 0 0 0 2 1 3 0 0 401019
30 TeraMachine_0 0 0 0 0 0 0 0 0 0 0 0 0 0 0 0 0 0 0 0 0 1 1 0 3 1 401045
31 TeraMachine_1 0 0 0 0 0 0 0 0 0 0 0 0 0 0 0 0 0 0 0 0 0 0 0 3 0 25161
32 TeraMachine_2 0 0 0 0 0 0 0 0 0 0 0 0 0 0 0 0 0 0 0 0 0 0 0 2 1 50472
33 TeraMachine_3 0 0 0 0 0 0 0 0 0 0 0 0 0 0 0 0 0 0 0 0 0 0 1 3 0 67322
34 TeraMachine_4 0 0 0 0 0 0 0 0 0 0 0 0 0 0 0 0 0 0 0 0 0 0 0 4 0 33356
35 TeraMachine_5 0 0 0 0 0 0 0 0 0 0 0 0 0 0 0 0 0 0 0 0 0 2 0 3 0 167313
36 TeraMachine_6 0 0 0 0 0 0 0 0 0 0 0 0 0 0 0 0 0 0 0 0 0 0 0 4 2 201214
37 TeraMachine_7 0 0 0 0 0 0 0 0 0 0 0 0 0 0 0 0 0 0 0 0 0 0 0 5 0 41713
38 TeraMachine_8 0 0 0 0 0 0 0 0 0 0 0 0 0 0 0 0 0 0 0 0 0 1 0 3 0 66872
39 TeraMachine_9 0 0 0 0 0 0 0 0 0 0 0 0 0 0 0 0 0 0 0 0 0 0 0 6 0 50463
40 TeraEvil_0 0 0 0 0 0 0 0 0 0 0 0 0 0 0 0 0 0 0 0 0 1 0 0 0 3 66706
41 TeraEvil_1 0 0 0 0 0 0 0 0 0 0 0 0 0 0 0 0 0 0 0 0 0 0 0 0 3 25217
42 TeraEvil_2 0 0 0 0 0 0 0 0 0 0 0 0 0 0 0 0 0 0 0 0 0 0 0 0 6 50195
43 TeraEvil_3 0 0 0 0 0 0 0 0 0 0 0 0 0 0 0 0 0 0 0 0 1 1 1 1 2 800949
44 TeraEvil_4 0 0 0 0 0 0 0 0 0 0 0 0 0 0 0 0 0 0 0 0 0 1 1 0 2 133644
45 TeraEvil_5 0 0 0 0 0 0 0 0 0 0 0 0 0 0 0 0 0 0 0 0 1 0 0 0 2 50057
46 TeraEvil_6 0 0 0 0 0 0 0 0 0 0 0 0 0 0 0 0 0 0 0 0 0 0 0 1 2 50451
47 TeraEvil_7 0 0 0 0 0 0 0 0 0 0 0 0 0 0 0 0 0 0 0 0 0 0 0 0 4 33438
48 TeraEvil_8 0 0 0 0 0 0 0 0 0 0 0 0 0 0 0 0 0 0 0 0 0 0 0 0 5 41797
49 TeraEvil_9 0 0 0 0 0 0 0 0 0 0 0 0 0 0 0 0 0 0 0 0 0 0 1 1 2 134541
50 GigaDragon_0 0 0 0 0 0 0 0 0 0 0 0 0 0 0 0 4 0 0 1 0 0 0 0 0 0 23463
51 GigaDragon_1 0 0 0 0 0 0 0 0 0 0 0 0 0 0 0 4 1 1 1 1 0 0 0 0 0 127710
52 GigaDragon_2 0 0 0 0 0 0 0 0 0 0 0 0 0 0 0 8 1 0 0 0 0 0 0 0 0 42510
53 GigaDragon_3 0 0 0 0 0 0 0 0 0 0 0 0 0 0 0 6 0 0 1 1 0 0 0 0 0 56578
54 GigaDragon_4 0 0 0 0 0 0 0 0 0 0 0 0 0 0 0 4 2 1 1 1 0 0 0 0 0 214081
55 GigaDragon_5 0 0 0 0 0 0 0 0 0 0 0 0 0 0 0 4 0 0 0 0 0 0 0 0 0 12505
56 GigaDragon_6 0 0 0 0 0 0 0 0 0 0 0 0 0 0 0 3 0 0 0 0 0 0 0 0 0 9384
57 GigaDragon_7 0 0 0 0 0 0 0 0 0 0 0 0 0 0 0 5 0 2 2 1 0 0 0 0 0 238767
58 GigaDragon_8 0 0 0 0 0 0 0 0 0 0 0 0 0 0 0 4 1 1 1 0 0 0 0 0 0 74173
59 GigaDragon_9 0 0 0 0 0 0 0 0 0 0 0 0 0 0 0 6 0 0 0 0 0 0 0 0 0 18794
60 GigaDragon_10 0 0 0 0 0 0 0 0 0 0 0 0 0 0 0 2 1 0 0 1 0 0 0 0 0 28405
61 GigaDragon_11 0 0 0 0 0 0 0 0 0 0 0 0 0 0 0 3 1 1 1 0 0 0 0 0 0 63538
62 GigaDragon_12 0 0 0 0 0 0 0 0 0 0 0 0 0 0 0 5 0 1 2 1 0 0 0 0 0 143707
63 GigaDragon_13 0 0 0 0 0 0 0 0 0 0 0 0 0 0 0 5 1 0 0 0 0 0 0 0 0 28143
64 GigaDragon_14 0 0 0 0 0 0 0 0 0 0 0 0 0 0 0 4 2 1 2 0 0 0 0 0 0 214416
65 GigaBeast_0 0 0 0 0 0 0 0 0 0 0 0 0 0 0 0 0 2 1 1 1 0 0 0 0 0 53158
66 GigaBeast_1 0 0 0 0 0 0 0 0 0 0 0 0 0 0 0 0 3 0 0 1 0 0 0 0 0 18934
67 GigaBeast_2 0 0 0 0 0 0 0 0 0 0 0 0 0 0 0 2 3 0 0 0 0 0 0 0 0 35325
68 GigaBeast_3 0 0 0 0 0 0 0 0 0 0 0 0 0 0 0 0 2 0 1 1 0 0 0 0 0 28169
69 GigaBeast_4 0 0 0 0 0 0 0 0 0 0 0 0 0 0 0 1 6 0 2 0 0 0 0 0 0 95359
70 GigaBeast_5 0 0 0 0 0 0 0 0 0 0 0 0 0 0 0 0 5 0 0 0 0 0 0 0 0 15735
71 GigaBeast_6 0 0 0 0 0 0 0 0 0 0 0 0 0 0 0 0 5 1 1 1 0 0 0 0 0 84565
72 GigaBeast_7 0 0 0 0 0 0 0 0 0 0 0 0 0 0 0 0 3 0 0 0 0 0 0 0 0 9412
73 GigaBeast_8 0 0 0 0 0 0 0 0 0 0 0 0 0 0 0 0 3 2 2 1 0 0 0 0 0 189906
74 GigaBeast_9 0 0 0 0 0 0 0 0 0 0 0 0 0 0 0 2 5 0 1 1 0 0 0 0 0 143262
75 GigaBeast_10 0 0 0 0 0 0 0 0 0 0 0 0 0 0 0 1 4 1 1 0 0 0 0 0 0 74262
76 GigaBeast_11 0 0 0 0 0 0 0 0 0 0 0 0 0 0 0 1 2 0 1 1 0 0 0 0 0 52754
77 GigaBeast_12 0 0 0 0 0 0 0 0 0 0 0 0 0 0 0 1 3 2 2 0 0 0 0 0 0 190605
78 GigaBeast_13 0 0 0 0 0 0 0 0 0 0 0 0 0 0 0 0 7 1 1 1 0 0 0 0 0 105839
79 GigaBeast_14 0 0 0 0 0 0 0 0 0 0 0 0 0 0 0 2 3 2 1 0 0 0 0 0 0 190327
80 GigaGod_0 0 0 0 0 0 0 0 0 0 0 0 0 0 0 0 1 0 3 0 0 0 0 0 0 0 18806
81 GigaGod_1 0 0 0 0 0 0 0 0 0 0 0 0 0 0 0 1 2 7 0 0 0 0 0 0 0 105662
82 GigaGod_2 0 0 0 0 0 0 0 0 0 0 0 0 0 0 0 0 1 5 0 0 0 0 0 0 0 28233
83 GigaGod_3 0 0 0 0 0 0 0 0 0 0 0 0 0 0 0 1 0 2 1 0 0 0 0 0 0 28233
84 GigaGod_4 0 0 0 0 0 0 0 0 0 0 0 0 0 0 0 1 1 3 2 2 0 0 0 0 0 322537
85 GigaGod_5 0 0 0 0 0 0 0 0 0 0 0 0 0 0 0 0 1 4 0 0 0 0 0 0 0 23439
86 GigaGod_6 0 0 0 0 0 0 0 0 0 0 0 0 0 0 0 1 0 5 1 0 0 0 0 0 0 49268
87 GigaGod_7 0 0 0 0 0 0 0 0 0 0 0 0 0 0 0 0 0 7 0 3 0 0 0 0 0 106287
88 GigaGod_8 0 0 0 0 0 0 0 0 0 0 0 0 0 0 0 0 0 10 0 0 0 0 0 0 0 31539
89 GigaGod_9 0 0 0 0 0 0 0 0 0 0 0 0 0 0 0 1 1 3 1 1 0 0 0 0 0 111183
90 GigaGod_10 0 0 0 0 0 0 0 0 0 0 0 0 0 0 0 0 0 8 0 0 0 0 0 0 0 25043
91 GigaGod_11 0 0 0 0 0 0 0 0 0 0 0 0 0 0 0 1 1 2 1 1 0 0 0 0 0 95334
92 GigaGod_12 0 0 0 0 0 0 0 0 0 0 0 0 0 0 0 1 1 5 1 1 0 0 0 0 0 143013
93 GigaGod_13 0 0 0 0 0 0 0 0 0 0 0 0 0 0 0 1 0 3 1 0 0 0 0 0 0 35344
94 GigaGod_14 0 0 0 0 0 0 0 0 0 0 0 0 0 0 0 0 2 3 1 0 0 0 0 0 0 63795
95 GigaMachine_0 0 0 0 0 0 0 0 0 0 0 0 0 0 0 0 0 0 0 2 1 0 0 0 0 0 14150
96 GigaMachine_1 0 0 0 0 0 0 0 0 0 0 0 0 0 0 0 1 0 0 3 1 0 0 0 0 0 35187
97 GigaMachine_2 0 0 0 0 0 0 0 0 0 0 0 0 0 0 0 0 1 1 3 1 0 0 0 0 0 63756
98 GigaMachine_3 0 0 0 0 0 0 0 0 0 0 0 0 0 0 0 0 0 1 7 1 0 0 0 0 0 63521
99 GigaMachine_4 0 0 0 0 0 0 0 0 0 0 0 0 0 0 0 0 0 0 7 0 0 0 0 0 0 21895
100 GigaMachine_5 0 0 0 0 0 0 0 0 0 0 0 0 0 0 0 0 0 0 4 0 0 0 0 0 0 12522
101 GigaMachine_6 0 0 0 0 0 0 0 0 0 0 0 0 0 0 0 1 0 0 3 0 0 0 0 0 0 18755
102 GigaMachine_7 0 0 0 0 0 0 0 0 0 0 0 0 0 0 0 0 0 1 4 0 0 0 0 0 0 23581
103 GigaMachine_8 0 0 0 0 0 0 0 0 0 0 0 0 0 0 0 0 0 1 5 0 0 0 0 0 0 28169
104 GigaMachine_9 0 0 0 0 0 0 0 0 0 0 0 0 0 0 0 1 0 1 2 1 0 0 0 0 0 52936
105 GigaMachine_10 0 0 0 0 0 0 0 0 0 0 0 0 0 0 0 1 0 1 5 1 0 0 0 0 0 84560
106 GigaMachine_11 0 0 0 0 0 0 0 0 0 0 0 0 0 0 0 0 0 0 4 3 0 0 0 0 0 74214
107 GigaMachine_12 0 0 0 0 0 0 0 0 0 0 0 0 0 0 0 0 0 0 3 1 0 0 0 0 0 18845
108 GigaMachine_13 0 0 0 0 0 0 0 0 0 0 0 0 0 0 0 0 1 0 2 0 0 0 0 0 0 14112
109 GigaMachine_14 0 0 0 0 0 0 0 0 0 0 0 0 0 0 0 1 1 1 4 3 0 0 0 0 0 357845
110 GigaEvil_0 0 0 0 0 0 0 0 0 0 0 0 0 0 0 0 0 0 1 0 4 0 0 0 0 0 23668
111 GigaEvil_1 0 0 0 0 0 0 0 0 0 0 0 0 0 0 0 2 0 0 2 4 0 0 0 0 0 126820
112 GigaEvil_2 0 0 0 0 0 0 0 0 0 0 0 0 0 0 0 0 0 1 0 2 0 0 0 0 0 14197
113 GigaEvil_3 0 0 0 0 0 0 0 0 0 0 0 0 0 0 0 2 2 2 1 3 0 0 0 0 0 534239
114 GigaEvil_4 0 0 0 0 0 0 0 0 0 0 0 0 0 0 0 2 2 0 0 6 0 0 0 0 0 159740
115 GigaEvil_5 0 0 0 0 0 0 0 0 0 0 0 0 0 0 0 0 1 0 0 3 0 0 0 0 0 18844
116 GigaEvil_6 0 0 0 0 0 0 0 0 0 0 0 0 0 0 0 1 0 0 1 3 0 0 0 0 0 35378
117 GigaEvil_7 0 0 0 0 0 0 0 0 0 0 0 0 0 0 0 2 0 2 0 4 0 0 0 0 0 127782
118 GigaEvil_8 0 0 0 0 0 0 0 0 0 0 0 0 0 0 0 0 1 1 0 3 0 0 0 0 0 35502
119 GigaEvil_9 0 0 0 0 0 0 0 0 0 0 0 0 0 0 0 1 2 1 1 5 0 0 0 0 0 237822
120 GigaEvil_10 0 0 0 0 0 0 0 0 0 0 0 0 0 0 0 0 0 0 0 3 0 0 0 0 0 9464
121 GigaEvil_11 0 0 0 0 0 0 0 0 0 0 0 0 0 0 0 0 0 0 1 3 0 0 0 0 0 18828
122 GigaEvil_12 0 0 0 0 0 0 0 0 0 0 0 0 0 0 0 0 0 1 1 2 0 0 0 0 0 28308
123 GigaEvil_13 0 0 0 0 0 0 0 0 0 0 0 0 0 0 0 0 0 0 0 4 0 0 0 0 0 12554
124 GigaEvil_14 0 0 0 0 0 0 0 0 0 0 0 0 0 0 0 0 0 0 0 5 0 0 0 0 0 15684
125 MegaDragon_0 0 0 0 0 0 0 0 0 0 0 3 0 1 0 0 0 0 0 0 0 0 0 0 0 0 8341
126 MegaDragon_1 0 0 0 0 0 0 0 0 0 0 3 0 1 1 1 0 0 0 0 0 0 0 0 0 0 19569
127 MegaDragon_2 0 0 0 0 0 0 0 0 0 0 4 2 1 2 1 0 0 0 0 0 0 0 0 0 0 63789
128 MegaDragon_3 0 0 0 0 0 0 0 0 0 0 3 1 1 1 1 0 0 0 0 0 0 0 0 0 0 28497
129 MegaDragon_4 0 0 0 0 0 0 0 0 0 0 3 0 0 2 0 0 0 0 0 0 0 0 0 0 0 13078
130 MegaDragon_5 0 0 0 0 0 0 0 0 0 0 9 1 0 2 3 0 0 0 0 0 0 0 0 0 0 95884
131 MegaDragon_6 0 0 0 0 0 0 0 0 0 0 4 2 0 2 2 0 0 0 0 0 0 0 0 0 0 63901
132 MegaDragon_7 0 0 0 0 0 0 0 0 0 0 5 1 1 1 1 0 0 0 0 0 0 0 0 0 0 36985
133 MegaDragon_8 0 0 0 0 0 0 0 0 0 0 8 2 2 0 0 0 0 0 0 0 0 0 0 0 0 49252
134 MegaDragon_9 0 0 0 0 0 0 0 0 0 0 4 1 1 1 1 0 0 0 0 0 0 0 0 0 0 32782
135 MegaDragon_10 0 0 0 0 0 0 0 0 0 0 3 2 1 0 2 0 0 0 0 0 0 0 0 0 0 40976
136 MegaDragon_11 0 0 0 0 0 0 0 0 0 0 7 0 1 0 0 0 0 0 0 0 0 0 0 0 0 16823
137 MegaDragon_12 0 0 0 0 0 0 0 0 0 0 8 2 2 2 1 0 0 0 0 0 0 0 0 0 0 120166
138 MegaDragon_13 0 0 0 0 0 0 0 0 0 0 11 0 1 2 0 0 0 0 0 0 0 0 0 0 0 45821
139 MegaDragon_14 0 0 0 0 0 0 0 0 0 0 3 0 0 1 0 0 0 0 0 0 0 0 0 0 0 8369
140 MegaDragon_15 0 0 0 0 0 0 0 0 0 0 8 1 1 0 1 0 0 0 0 0 0 0 0 0 0 35882
141 MegaDragon_16 0 0 0 0 0 0 0 0 0 0 3 1 1 0 2 0 0 0 0 0 0 0 0 0 0 28645
142 MegaDragon_17 0 0 0 0 0 0 0 0 0 0 5 0 0 0 3 0 0 0 0 0 0 0 0 0 0 26199
143 MegaDragon_18 0 0 0 0 0 0 0 0 0 0 4 2 1 1 2 0 0 0 0 0 0 0 0 0 0 64141
144 MegaDragon_19 0 0 0 0 0 0 0 0 0 0 5 2 1 0 0 0 0 0 0 0 0 0 0 0 0 26073
145 MegaDragon_20 0 0 0 0 0 0 0 0 0 0 3 1 0 0 1 0 0 0 0 0 0 0 0 0 0 13149
146 MegaDragon_21 0 0 0 0 0 0 0 0 0 0 4 2 2 0 2 0 0 0 0 0 0 0 0 0 0 63666
147 MegaDragon_22 0 0 0 0 0 0 0 0 0 0 5 2 2 0 4 0 0 0 0 0 0 0 0 0 0 129751
148 MegaDragon_23 0 0 0 0 0 0 0 0 0 0 5 1 1 1 4 0 0 0 0 0 0 0 0 0 0 95839
149 MegaDragon_24 0 0 0 0 0 0 0 0 0 0 3 1 1 0 1 0 0 0 0 0 0 0 0 0 0 19717
150 MegaBeast_0 0 0 0 0 0 0 0 0 0 0 1 8 1 1 1 0 0 0 0 0 0 0 0 0 0 49023
151 MegaBeast_1 0 0 0 0 0 0 0 0 0 0 1 3 1 1 2 0 0 0 0 0 0 0 0 0 0 40768
152 MegaBeast_2 0 0 0 0 0 0 0 0 0 0 0 5 0 3 3 0 0 0 0 0 0 0 0 0 0 70006
153 MegaBeast_3 0 0 0 0 0 0 0 0 0 0 2 6 2 5 0 0 0 0 0 0 0 0 0 0 0 187869
154 MegaBeast_4 0 0 0 0 0 0 0 0 0 0 0 10 0 0 2 0 0 0 0 0 0 0 0 0 0 31426
155 MegaBeast_5 0 0 0 0 0 0 0 0 0 0 1 9 1 0 1 0 0 0 0 0 0 0 0 0 0 39157
156 MegaBeast_6 0 0 0 0 0 0 0 0 0 0 0 5 0 0 0 0 0 0 0 0 0 0 0 0 0 8386
157 MegaBeast_7 0 0 0 0 0 0 0 0 0 0 0 4 3 3 1 0 0 0 0 0 0 0 0 0 0 87786
158 MegaBeast_8 0 0 0 0 0 0 0 0 0 0 0 6 0 0 2 0 0 0 0 0 0 0 0 0 0 21015
159 MegaBeast_9 0 0 0 0 0 0 0 0 0 0 1 13 0 0 0 0 0 0 0 0 0 0 0 0 0 29362
160 MegaBeast_10 0 0 0 0 0 0 0 0 0 0 1 7 4 0 2 0 0 0 0 0 0 0 0 0 0 111660
161 MegaBeast_11 0 0 0 0 0 0 0 0 0 0 0 5 0 0 2 0 0 0 0 0 0 0 0 0 0 18371
162 MegaBeast_12 0 0 0 0 0 0 0 0 0 0 1 5 1 3 1 0 0 0 0 0 0 0 0 0 0 70431
163 MegaBeast_13 0 0 0 0 0 0 0 0 0 0 1 4 0 1 2 0 0 0 0 0 0 0 0 0 0 32565
164 MegaBeast_14 0 0 0 0 0 0 0 0 0 0 1 8 0 3 1 0 0 0 0 0 0 0 0 0 0 66157
165 MegaBeast_15 0 0 0 0 0 0 0 0 0 0 0 5 0 0 1 0 0 0 0 0 0 0 0 0 0 12527
166 MegaBeast_16 0 0 0 0 0 0 0 0 0 0 0 8 3 0 4 0 0 0 0 0 0 0 0 0 0 119818
167 MegaBeast_17 0 0 0 0 0 0 0 0 0 0 0 3 2 1 1 0 0 0 0 0 0 0 0 0 0 28742
168 MegaBeast_18 0 0 0 0 0 0 0 0 0 0 0 8 0 0 0 0 0 0 0 0 0 0 0 0 0 13452
169 MegaBeast_19 0 0 0 0 0 0 0 0 0 0 0 3 0 0 1 0 0 0 0 0 0 0 0 0 0 8410
170 MegaBeast_20 0 0 0 0 0 0 0 0 0 0 2 6 4 0 0 0 0 0 0 0 0 0 0 0 0 76948
171 MegaBeast_21 0 0 0 0 0 0 0 0 0 0 1 5 1 1 2 0 0 0 0 0 0 0 0 0 0 50905
172 MegaBeast_22 0 0 0 0 0 0 0 0 0 0 0 2 1 0 1 0 0 0 0 0 0 0 0 0 0 10513
173 MegaBeast_23 0 0 0 0 0 0 0 0 0 0 0 13 0 0 0 0 0 0 0 0 0 0 0 0 0 21845
174 MegaBeast_24 0 0 0 0 0 0 0 0 0 0 0 6 0 1 0 0 0 0 0 0 0 0 0 0 0 14651
175 MegaGod_0 0 0 0 0 0 0 0 0 0 0 0 4 7 0 4 0 0 0 0 0 0 0 0 0 0 149746
176 MegaGod_1 0 0 0 0 0 0 0 0 0 0 3 3 4 2 0 0 0 0 0 0 0 0 0 0 0 119699
177 MegaGod_2 0 0 0 0 0 0 0 0 0 0 0 0 6 0 0 0 0 0 0 0 0 0 0 0 0 10022
178 MegaGod_3 0 0 0 0 0 0 0 0 0 0 3 2 6 2 2 0 0 0 0 0 0 0 0 0 0 187041
179 MegaGod_4 0 0 0 0 0 0 0 0 0 0 1 1 5 0 0 0 0 0 0 0 0 0 0 0 0 18356
180 MegaGod_5 0 0 0 0 0 0 0 0 0 0 0 2 3 1 2 0 0 0 0 0 0 0 0 0 0 40805
181 MegaGod_6 0 0 0 0 0 0 0 0 0 0 1 1 11 1 1 0 0 0 0 0 0 0 0 0 0 61059
182 MegaGod_7 0 0 0 0 0 0 0 0 0 0 0 1 5 4 0 0 0 0 0 0 0 0 0 0 0 50999
183 MegaGod_8 0 0 0 0 0 0 0 0 0 0 0 5 6 4 0 0 0 0 0 0 0 0 0 0 0 186665
184 MegaGod_9 0 0 0 0 0 0 0 0 0 0 0 0 9 0 1 0 0 0 0 0 0 0 0 0 0 20943
185 MegaGod_10 0 0 0 0 0 0 0 0 0 0 1 1 4 0 0 0 0 0 0 0 0 0 0 0 0 15708
186 MegaGod_11 0 0 0 0 0 0 0 0 0 0 2 2 4 0 1 0 0 0 0 0 0 0 0 0 0 46121
187 MegaGod_12 0 0 0 0 0 0 0 0 0 0 1 1 6 1 1 0 0 0 0 0 0 0 0 0 0 41058
188 MegaGod_13 0 0 0 0 0 0 0 0 0 0 1 1 4 0 1 0 0 0 0 0 0 0 0 0 0 22865
189 MegaGod_14 0 0 0 0 0 0 0 0 0 0 0 0 3 1 2 0 0 0 0 0 0 0 0 0 0 19689
190 MegaGod_15 0 0 0 0 0 0 0 0 0 0 1 4 5 1 1 0 0 0 0 0 0 0 0 0 0 96273
191 MegaGod_16 0 0 0 0 0 0 0 0 0 0 0 0 4 0 0 0 0 0 0 0 0 0 0 0 0 6702
192 MegaGod_17 0 0 0 0 0 0 0 0 0 0 0 0 6 2 4 0 0 0 0 0 0 0 0 0 0 76950
193 MegaGod_18 0 0 0 0 0 0 0 0 0 0 0 0 5 3 0 0 0 0 0 0 0 0 0 0 0 26162
194 MegaGod_19 0 0 0 0 0 0 0 0 0 0 0 3 6 0 1 0 0 0 0 0 0 0 0 0 0 40770
195 MegaGod_20 0 0 0 0 0 0 0 0 0 0 0 0 8 3 0 0 0 0 0 0 0 0 0 0 0 35930
196 MegaGod_21 0 0 0 0 0 0 0 0 0 0 3 3 5 0 3 0 0 0 0 0 0 0 0 0 0 174306
197 MegaGod_22 0 0 0 0 0 0 0 0 0 0 0 0 15 0 0 0 0 0 0 0 0 0 0 0 0 25101
198 MegaGod_23 0 0 0 0 0 0 0 0 0 0 1 2 5 1 1 0 0 0 0 0 0 0 0 0 0 51194
199 MegaGod_24 0 0 0 0 0 0 0 0 0 0 1 5 6 1 0 0 0 0 0 0 0 0 0 0 0 104265
200 MegaMachine_0 0 0 0 0 0 0 0 0 0 0 1 2 2 6 1 0 0 0 0 0 0 0 0 0 0 76919
201 MegaMachine_1 0 0 0 0 0 0 0 0 0 0 2 2 2 3 2 0 0 0 0 0 0 0 0 0 0 110187
202 MegaMachine_2 0 0 0 0 0 0 0 0 0 0 3 0 3 6 0 0 0 0 0 0 0 0 0 0 0 76882
203 MegaMachine_3 0 0 0 0 0 0 0 0 0 0 3 1 1 6 3 0 0 0 0 0 0 0 0 0 0 139794
204 MegaMachine_4 0 0 0 0 0 0 0 0 0 0 0 1 0 10 0 0 0 0 0 0 0 0 0 0 0 22960
205 MegaMachine_5 0 0 0 0 0 0 0 0 0 0 1 0 0 8 1 0 0 0 0 0 0 0 0 0 0 26181
206 MegaMachine_6 0 0 0 0 0 0 0 0 0 0 0 0 0 4 0 0 0 0 0 0 0 0 0 0 0 6716
207 MegaMachine_7 0 0 0 0 0 0 0 0 0 0 1 0 0 4 2 0 0 0 0 0 0 0 0 0 0 22801
208 MegaMachine_8 0 0 0 0 0 0 0 0 0 0 1 0 1 2 0 0 0 0 0 0 0 0 0 0 0 10474
209 MegaMachine_9 0 0 0 0 0 0 0 0 0 0 1 0 0 4 1 0 0 0 0 0 0 0 0 0 0 15640
210 MegaMachine_10 0 0 0 0 0 0 0 0 0 0 1 0 1 4 1 0 0 0 0 0 0 0 0 0 0 22994
211 MegaMachine_11 0 0 0 0 0 0 0 0 0 0 0 0 0 8 2 0 0 0 0 0 0 0 0 0 0 26090
212 MegaMachine_12 0 0 0 0 0 0 0 0 0 0 4 1 1 7 1 0 0 0 0 0 0 0 0 0 0 111508
213 MegaMachine_13 0 0 0 0 0 0 0 0 0 0 3 2 2 5 0 0 0 0 0 0 0 0 0 0 0 95534
214 MegaMachine_14 0 0 0 0 0 0 0 0 0 0 0 1 3 5 0 0 0 0 0 0 0 0 0 0 0 36870
215 MegaMachine_15 0 0 0 0 0 0 0 0 0 0 1 0 4 6 1 0 0 0 0 0 0 0 0 0 0 76370
216 MegaMachine_16 0 0 0 0 0 0 0 0 0 0 1 1 1 2 1 0 0 0 0 0 0 0 0 0 0 24435
217 MegaMachine_17 0 0 0 0 0 0 0 0 0 0 0 0 3 6 0 0 0 0 0 0 0 0 0 0 0 29373
218 MegaMachine_18 0 0 0 0 0 0 0 0 0 0 2 0 2 5 2 0 0 0 0 0 0 0 0 0 0 70473
219 MegaMachine_19 0 0 0 0 0 0 0 0 0 0 3 0 2 5 0 0 0 0 0 0 0 0 0 0 0 50903
220 MegaMachine_20 0 0 0 0 0 0 0 0 0 0 3 0 1 10 0 0 0 0 0 0 0 0 0 0 0 57417
221 MegaMachine_21 0 0 0 0 0 0 0 0 0 0 2 1 3 4 3 0 0 0 0 0 0 0 0 0 0 162747
222 MegaMachine_22 0 0 0 0 0 0 0 0 0 0 0 4 0 6 0 0 0 0 0 0 0 0 0 0 0 40711
223 MegaMachine_23 0 0 0 0 0 0 0 0 0 0 4 0 2 5 2 0 0 0 0 0 0 0 0 0 0 130380
224 MegaMachine_24 0 0 0 0 0 0 0 0 0 0 1 0 1 4 0 0 0 0 0 0 0 0 0 0 0 15630
225 MegaEvil_0 0 0 0 0 0 0 0 0 0 0 0 0 0 0 12 0 0 0 0 0 0 0 0 0 0 20059
226 MegaEvil_1 0 0 0 0 0 0 0 0 0 0 2 4 0 1 7 0 0 0 0 0 0 0 0 0 0 111793
227 MegaEvil_2 0 0 0 0 0 0 0 0 0 0 2 1 0 2 4 0 0 0 0 0 0 0 0 0 0 45992
228 MegaEvil_3 0 0 0 0 0 0 0 0 0 0 3 0 0 3 6 0 0 0 0 0 0 0 0 0 0 77037
229 MegaEvil_4 0 0 0 0 0 0 0 0 0 0 0 0 1 0 4 0 0 0 0 0 0 0 0 0 0 10479
230 MegaEvil_5 0 0 0 0 0 0 0 0 0 0 2 0 3 2 7 0 0 0 0 0 0 0 0 0 0 111608
231 MegaEvil_6 0 0 0 0 0 0 0 0 0 0 1 0 0 0 3 0 0 0 0 0 0 0 0 0 0 8406
232 MegaEvil_7 0 0 0 0 0 0 0 0 0 0 0 1 1 0 5 0 0 0 0 0 0 0 0 0 0 18244
233 MegaEvil_8 0 0 0 0 0 0 0 0 0 0 2 2 2 0 3 0 0 0 0 0 0 0 0 0 0 57746
234 MegaEvil_9 0 0 0 0 0 0 0 0 0 0 0 0 0 0 4 0 0 0 0 0 0 0 0 0 0 6699
235 MegaEvil_10 0 0 0 0 0 0 0 0 0 0 1 1 0 0 3 0 0 0 0 0 0 0 0 0 0 13089
236 MegaEvil_11 0 0 0 0 0 0 0 0 0 0 0 0 0 0 13 0 0 0 0 0 0 0 0 0 0 21854
237 MegaEvil_12 0 0 0 0 0 0 0 0 0 0 0 0 0 0 7 0 0 0 0 0 0 0 0 0 0 11724
238 MegaEvil_13 0 0 0 0 0 0 0 0 0 0 1 1 1 1 3 0 0 0 0 0 0 0 0 0 0 28503
239 MegaEvil_14 0 0 0 0 0 0 0 0 0 0 1 1 1 0 6 0 0 0 0 0 0 0 0 0 0 29553
240 MegaEvil_15 0 0 0 0 0 0 0 0 0 0 0 1 2 1 8 0 0 0 0 0 0 0 0 0 0 48996
241 MegaEvil_16 0 0 0 0 0 0 0 0 0 0 1 1 1 1 6 0 0 0 0 0 0 0 0 0 0 41056
242 MegaEvil_17 0 0 0 0 0 0 0 0 0 0 0 0 0 1 5 0 0 0 0 0 0 0 0 0 0 12582
243 MegaEvil_18 0 0 0 0 0 0 0 0 0 0 0 1 0 0 3 0 0 0 0 0 0 0 0 0 0 8405
244 MegaEvil_19 0 0 0 0 0 0 0 0 0 0 0 1 3 0 7 0 0 0 0 0 0 0 0 0 0 45062
245 MegaEvil_20 0 0 0 0 0 0 0 0 0 0 1 0 0 0 7 0 0 0 0 0 0 0 0 0 0 16680
246 MegaEvil_21 0 0 0 0 0 0 0 0 0 0 0 0 0 0 9 0 0 0 0 0 0 0 0 0 0 15088
247 MegaEvil_22 0 0 0 0 0 0 0 0 0 0 1 2 0 1 4 0 0 0 0 0 0 0 0 0 0 32591
248 MegaEvil_23 0 0 0 0 0 0 0 0 0 0 1 0 0 1 2 0 0 0 0 0 0 0 0 0 0 10463
249 MegaEvil_24 0 0 0 0 0 0 0 0 0 0 1 2 0 3 9 0 0 0 0 0 0 0 0 0 0 95721
250 Dragon_0 0 0 0 0 0 5 0 0 0 0 0 0 0 0 0 0 0 0 0 0 0 0 0 0 0 5221
251 Dragon_1 0 0 0 0 0 9 0 0 1 0 0 0 0 0 0 0 0 0 0 0 0 0 0 0 0 11768
252 Dragon_2 0 0 0 0 0 13 2 0 1 2 0 0 0 0 0 0 0 0 0 0 0 0 0 0 0 33995
253 Dragon_3 0 0 0 0 0 7 2 1 0 0 0 0 0 0 0 0 0 0 0 0 0 0 0 0 0 14976
254 Dragon_4 0 0 0 0 0 7 5 1 4 2 0 0 0 0 0 0 0 0 0 0 0 0 0 0 0 81369
255 Dragon_5 0 0 0 0 0 4 3 2 3 0 0 0 0 0 0 0 0 0 0 0 0 0 0 0 0 32245
256 Dragon_6 0 0 0 0 0 4 2 0 1 1 0 0 0 0 0 0 0 0 0 0 0 0 0 0 0 13361
257 Dragon_7 0 0 0 0 0 5 0 0 1 0 0 0 0 0 0 0 0 0 0 0 0 0 0 0 0 7062
258 Dragon_8 0 0 0 0 0 11 4 4 1 0 0 0 0 0 0 0 0 0 0 0 0 0 0 0 0 60494
259 Dragon_9 0 0 0 0 0 3 0 2 0 0 0 0 0 0 0 0 0 0 0 0 0 0 0 0 0 6637
260 Dragon_10 0 0 0 0 0 8 2 3 3 4 0 0 0 0 0 0 0 0 0 0 0 0 0 0 0 86005
261 Dragon_11 0 0 0 0 0 6 2 5 4 2 0 0 0 0 0 0 0 0 0 0 0 0 0 0 0 92307
262 Dragon_12 0 0 0 0 0 11 2 2 2 2 0 0 0 0 0 0 0 0 0 0 0 0 0 0 0 51108
263 Dragon_13 0 0 0 0 0 13 2 0 0 2 0 0 0 0 0 0 0 0 0 0 0 0 0 0 0 28592
264 Dragon_14 0 0 0 0 0 11 4 0 1 3 0 0 0 0 0 0 0 0 0 0 0 0 0 0 0 51152
265 Dragon_15 0 0 0 0 0 5 2 4 4 4 0 0 0 0 0 0 0 0 0 0 0 0 0 0 0 103733
266 Dragon_16 0 0 0 0 0 11 0 6 0 0 0 0 0 0 0 0 0 0 0 0 0 0 0 0 0 36091
267 Dragon_17 0 0 0 0 0 2 1 1 1 0 0 0 0 0 0 0 0 0 0 0 0 0 0 0 0 7418
268 Dragon_18 0 0 0 0 0 4 0 0 1 0 0 0 0 0 0 0 0 0 0 0 0 0 0 0 0 5899
269 Dragon_19 0 0 0 0 0 8 0 0 2 0 0 0 0 0 0 0 0 0 0 0 0 0 0 0 0 13268
270 Dragon_20 0 0 0 0 0 4 0 3 3 3 0 0 0 0 0 0 0 0 0 0 0 0 0 0 0 39232
271 Dragon_21 0 0 0 0 0 15 1 0 2 2 0 0 0 0 0 0 0 0 0 0 0 0 0 0 0 37764
272 Dragon_22 0 0 0 0 0 7 0 1 6 0 0 0 0 0 0 0 0 0 0 0 0 0 0 0 0 33413
273 Dragon_23 0 0 0 0 0 4 0 0 3 0 0 0 0 0 0 0 0 0 0 0 0 0 0 0 0 10383
274 Dragon_24 0 0 0 0 0 5 0 0 2 2 0 0 0 0 0 0 0 0 0 0 0 0 0 0 0 15095
275 Dragon_25 0 0 0 0 0 7 4 4 0 3 0 0 0 0 0 0 0 0 0 0 0 0 0 0 0 68974
276 Dragon_26 0 0 0 0 0 7 5 2 0 5 0 0 0 0 0 0 0 0 0 0 0 0 0 0 0 82129
277 Dragon_27 0 0 0 0 0 7 1 1 2 1 0 0 0 0 0 0 0 0 0 0 0 0 0 0 0 22640
278 Dragon_28 0 0 0 0 0 10 3 0 6 0 0 0 0 0 0 0 0 0 0 0 0 0 0 0 0 57324
279 Dragon_29 0 0 0 0 0 7 6 0 6 0 0 0 0 0 0 0 0 0 0 0 0 0 0 0 0 81925
280 Dragon_30 0 0 0 0 0 11 3 2 2 2 0 0 0 0 0 0 0 0 0 0 0 0 0 0 0 60314
281 Dragon_31 0 0 0 0 0 10 0 2 0 0 0 0 0 0 0 0 0 0 0 0 0 0 0 0 0 15934
282 Dragon_32 0 0 0 0 0 5 0 1 1 1 0 0 0 0 0 0 0 0 0 0 0 0 0 0 0 11882
283 Dragon_33 0 0 0 0 0 4 3 0 0 3 0 0 0 0 0 0 0 0 0 0 0 0 0 0 0 21169
284 Dragon_34 0 0 0 0 0 3 2 2 1 0 0 0 0 0 0 0 0 0 0 0 0 0 0 0 0 15067
285 Dragon_35 0 0 0 0 0 5 1 2 0 0 0 0 0 0 0 0 0 0 0 0 0 0 0 0 0 11957
286 Dragon_36 0 0 0 0 0 9 0 0 0 2 0 0 0 0 0 0 0 0 0 0 0 0 0 0 0 14611
287 Dragon_37 0 0 0 0 0 13 2 1 2 1 0 0 0 0 0 0 0 0 0 0 0 0 0 0 0 40212
288 Dragon_38 0 0 0 0 0 14 0 1 2 1 0 0 0 0 0 0 0 0 0 0 0 0 0 0 0 30212
289 Dragon_39 0 0 0 0 0 7 2 0 2 2 0 0 0 0 0 0 0 0 0 0 0 0 0 0 0 27611
290 Dragon_40 0 0 0 0 0 7 2 1 1 4 0 0 0 0 0 0 0 0 0 0 0 0 0 0 0 40354
291 Dragon_41 0 0 0 0 0 4 1 0 3 0 0 0 0 0 0 0 0 0 0 0 0 0 0 0 0 13451
292 Dragon_42 0 0 0 0 0 9 6 1 1 1 0 0 0 0 0 0 0 0 0 0 0 0 0 0 0 54150
293 Dragon_43 0 0 0 0 0 4 1 0 1 1 0 0 0 0 0 0 0 0 0 0 0 0 0 0 0 10397
294 Dragon_44 0 0 0 0 0 8 1 0 6 1 0 0 0 0 0 0 0 0 0 0 0 0 0 0 0 43062
295 Dragon_45 0 0 0 0 0 8 2 3 1 3 0 0 0 0 0 0 0 0 0 0 0 0 0 0 0 51465
296 Dragon_46 0 0 0 0 0 10 5 1 1 1 0 0 0 0 0 0 0 0 0 0 0 0 0 0 0 48221
297 Dragon_47 0 0 0 0 0 4 2 0 0 2 0 0 0 0 0 0 0 0 0 0 0 0 0 0 0 13391
298 Dragon_48 0 0 0 0 0 3 1 2 1 1 0 0 0 0 0 0 0 0 0 0 0 0 0 0 0 15143
299 Dragon_49 0 0 0 0 0 6 0 0 2 0 0 0 0 0 0 0 0 0 0 0 0 0 0 0 0 10576
300 Beast_0 0 0 0 0 0 0 6 0 0 2 0 0 0 0 0 0 0 0 0 0 0 0 0 0 0 10651
301 Beast_1 0 0 0 0 0 4 5 1 2 2 0 0 0 0 0 0 0 0 0 0 0 0 0 0 0 42135
302 Beast_2 0 0 0 0 0 0 7 0 0 6 0 0 0 0 0 0 0 0 0 0 0 0 0 0 0 27722
303 Beast_3 0 0 0 0 0 0 5 0 0 0 0 0 0 0 0 0 0 0 0 0 0 0 0 0 0 5225
304 Beast_4 0 0 0 0 0 0 12 4 0 2 0 0 0 0 0 0 0 0 0 0 0 0 0 0 0 38018
305 Beast_5 0 0 0 0 0 3 10 3 1 3 0 0 0 0 0 0 0 0 0 0 0 0 0 0 0 67980
306 Beast_6 0 0 0 0 0 0 3 0 0 2 0 0 0 0 0 0 0 0 0 0 0 0 0 0 0 6646
307 Beast_7 0 0 0 0 0 0 9 0 7 1 0 0 0 0 0 0 0 0 0 0 0 0 0 0 0 45573
308 Beast_8 0 0 0 0 0 0 5 1 1 0 0 0 0 0 0 0 0 0 0 0 0 0 0 0 0 9237
309 Beast_9 0 0 0 0 0 2 7 1 2 2 0 0 0 0 0 0 0 0 0 0 0 0 0 0 0 33418
310 Beast_10 0 0 0 0 0 2 11 0 1 1 0 0 0 0 0 0 0 0 0 0 0 0 0 0 0 25150
311 Beast_11 0 0 0 0 0 1 2 0 1 1 0 0 0 0 0 0 0 0 0 0 0 0 0 0 0 7422
312 Beast_12 0 0 0 0 0 2 4 2 2 2 0 0 0 0 0 0 0 0 0 0 0 0 0 0 0 32213
313 Beast_13 0 0 0 0 0 6 10 0 0 0 0 0 0 0 0 0 0 0 0 0 0 0 0 0 0 33934
314 Beast_14 0 0 0 0 0 0 11 0 6 0 0 0 0 0 0 0 0 0 0 0 0 0 0 0 0 36014
315 Beast_15 0 0 0 0 0 1 3 0 0 1 0 0 0 0 0 0 0 0 0 0 0 0 0 0 0 6608
316 Beast_16 0 0 0 0 0 1 6 5 1 2 0 0 0 0 0 0 0 0 0 0 0 0 0 0 0 45411
317 Beast_17 0 0 0 0 0 1 13 2 1 1 0 0 0 0 0 0 0 0 0 0 0 0 0 0 0 34026
318 Beast_18 0 0 0 0 0 5 9 0 2 1 0 0 0 0 0 0 0 0 0 0 0 0 0 0 0 45593
319 Beast_19 0 0 0 0 0 0 10 3 3 0 0 0 0 0 0 0 0 0 0 0 0 0 0 0 0 34063
320 Beast_20 0 0 0 0 0 3 4 0 1 3 0 0 0 0 0 0 0 0 0 0 0 0 0 0 0 26274
321 Beast_21 0 0 0 0 0 0 5 1 4 1 0 0 0 0 0 0 0 0 0 0 0 0 0 0 0 23306
322 Beast_22 0 0 0 0 0 3 6 4 3 3 0 0 0 0 0 0 0 0 0 0 0 0 0 0 0 92160
323 Beast_23 0 0 0 0 0 1 4 2 2 2 0 0 0 0 0 0 0 0 0 0 0 0 0 0 0 26134
324 Beast_24 0 0 0 0 0 0 4 0 1 0 0 0 0 0 0 0 0 0 0 0 0 0 0 0 0 5860
325 Beast_25 0 0 0 0 0 1 6 0 5 2 0 0 0 0 0 0 0 0 0 0 0 0 0 0 0 37789
326 Beast_26 0 0 0 0 0 1 9 0 2 8 0 0 0 0 0 0 0 0 0 0 0 0 0 0 0 76668
327 Beast_27 0 0 0 0 0 0 7 6 1 1 0 0 0 0 0 0 0 0 0 0 0 0 0 0 0 40333
328 Beast_28 0 0 0 0 0 1 7 6 2 0 0 0 0 0 0 0 0 0 0 0 0 0 0 0 0 48241
329 Beast_29 0 0 0 0 0 0 6 3 0 0 0 0 0 0 0 0 0 0 0 0 0 0 0 0 0 13477
330 Beast_30 0 0 0 0 0 0 8 2 3 3 0 0 0 0 0 0 0 0 0 0 0 0 0 0 0 42990
331 Beast_31 0 0 0 0 0 0 10 4 1 1 0 0 0 0 0 0 0 0 0 0 0 0 0 0 0 33971
332 Beast_32 0 0 0 0 0 0 8 0 0 0 0 0 0 0 0 0 0 0 0 0 0 0 0 0 0 8342
333 Beast_33 0 0 0 0 0 2 5 1 1 3 0 0 0 0 0 0 0 0 0 0 0 0 0 0 0 28757
334 Beast_34 0 0 0 0 0 0 12 2 3 0 0 0 0 0 0 0 0 0 0 0 0 0 0 0 0 32054
335 Beast_35 0 0 0 0 0 1 2 1 1 0 0 0 0 0 0 0 0 0 0 0 0 0 0 0 0 7463
336 Beast_36 0 0 0 0 0 7 8 0 3 1 0 0 0 0 0 0 0 0 0 0 0 0 0 0 0 72354
337 Beast_37 0 0 0 0 0 0 4 0 0 2 0 0 0 0 0 0 0 0 0 0 0 0 0 0 0 7934
338 Beast_38 0 0 0 0 0 6 9 1 1 0 0 0 0 0 0 0 0 0 0 0 0 0 0 0 0 45831
339 Beast_39 0 0 0 0 0 1 9 3 1 6 0 0 0 0 0 0 0 0 0 0 0 0 0 0 0 76238
340 Beast_40 0 0 0 0 0 0 10 0 0 2 0 0 0 0 0 0 0 0 0 0 0 0 0 0 0 15865
341 Beast_41 0 0 0 0 0 5 6 4 0 0 0 0 0 0 0 0 0 0 0 0 0 0 0 0 0 45508
342 Beast_42 0 0 0 0 0 0 7 0 0 0 0 0 0 0 0 0 0 0 0 0 0 0 0 0 0 7309
343 Beast_43 0 0 0 0 0 2 14 1 0 3 0 0 0 0 0 0 0 0 0 0 0 0 0 0 0 42414
344 Beast_44 0 0 0 0 0 0 9 1 0 0 0 0 0 0 0 0 0 0 0 0 0 0 0 0 0 11784
345 Beast_45 0 0 0 0 0 1 5 1 0 2 0 0 0 0 0 0 0 0 0 0 0 0 0 0 0 15065
346 Beast_46 0 0 0 0 0 0 11 1 2 6 0 0 0 0 0 0 0 0 0 0 0 0 0 0 0 60208
347 Beast_47 0 0 0 0 0 1 5 3 4 0 0 0 0 0 0 0 0 0 0 0 0 0 0 0 0 35031
348 Beast_48 0 0 0 0 0 0 4 0 0 1 0 0 0 0 0 0 0 0 0 0 0 0 0 0 0 5894
349 Beast_49 0 0 0 0 0 0 14 2 2 1 0 0 0 0 0 0 0 0 0 0 0 0 0 0 0 35801
350 God_0 0 0 0 0 0 0 0 4 3 0 0 0 0 0 0 0 0 0 0 0 0 0 0 0 0 10436
351 God_1 0 0 0 0 0 2 1 4 1 1 0 0 0 0 0 0 0 0 0 0 0 0 0 0 0 16920
352 God_2 0 0 0 0 0 1 2 6 3 3 0 0 0 0 0 0 0 0 0 0 0 0 0 0 0 45203
353 God_3 0 0 0 0 0 0 1 12 1 1 0 0 0 0 0 0 0 0 0 0 0 0 0 0 0 22293
354 God_4 0 0 0 0 0 2 0 5 0 1 0 0 0 0 0 0 0 0 0 0 0 0 0 0 0 11877
355 God_5 0 0 0 0 0 1 3 11 3 1 0 0 0 0 0 0 0 0 0 0 0 0 0 0 0 51137
356 God_6 0 0 0 0 0 0 1 4 2 0 0 0 0 0 0 0 0 0 0 0 0 0 0 0 0 10445
357 God_7 0 0 0 0 0 1 1 4 0 1 0 0 0 0 0 0 0 0 0 0 0 0 0 0 0 10446
358 God_8 0 0 0 0 0 0 1 7 1 0 0 0 0 0 0 0 0 0 0 0 0 0 0 0 0 11983
359 God_9 0 0 0 0 0 0 4 5 1 4 0 0 0 0 0 0 0 0 0 0 0 0 0 0 0 42511
360 God_10 0 0 0 0 0 1 0 7 0 1 0 0 0 0 0 0 0 0 0 0 0 0 0 0 0 11888
361 God_11 0 0 0 0 0 0 0 4 0 2 0 0 0 0 0 0 0 0 0 0 0 0 0 0 0 7916
362 God_12 0 0 0 0 0 0 0 11 0 0 0 0 0 0 0 0 0 0 0 0 0 0 0 0 0 11501
363 God_13 0 0 0 0 0 2 2 9 0 2 0 0 0 0 0 0 0 0 0 0 0 0 0 0 0 31824
364 God_14 0 0 0 0 0 3 1 9 3 0 0 0 0 0 0 0 0 0 0 0 0 0 0 0 0 38054
365 God_15 0 0 0 0 0 0 1 6 1 0 0 0 0 0 0 0 0 0 0 0 0 0 0 0 0 10585
366 God_16 0 0 0 0 0 2 0 4 1 1 0 0 0 0 0 0 0 0 0 0 0 0 0 0 0 13398
367 God_17 0 0 0 0 0 2 2 3 2 1 0 0 0 0 0 0 0 0 0 0 0 0 0 0 0 23947
368 God_18 0 0 0 0 0 1 2 7 0 0 0 0 0 0 0 0 0 0 0 0 0 0 0 0 0 14891
369 God_19 0 0 0 0 0 0 0 6 0 0 0 0 0 0 0 0 0 0 0 0 0 0 0 0 0 6304
370 God_20 0 0 0 0 0 1 2 6 3 5 0 0 0 0 0 0 0 0 0 0 0 0 0 0 0 65223
371 God_21 0 0 0 0 0 0 0 10 2 1 0 0 0 0 0 0 0 0 0 0 0 0 0 0 0 19313
372 God_22 0 0 0 0 0 3 2 12 0 0 0 0 0 0 0 0 0 0 0 0 0 0 0 0 0 32202
373 God_23 0 0 0 0 0 0 0 5 2 0 0 0 0 0 0 0 0 0 0 0 0 0 0 0 0 9273
374 God_24 0 0 0 0 0 1 0 11 2 0 0 0 0 0 0 0 0 0 0 0 0 0 0 0 0 20848
375 God_25 0 0 0 0 0 0 3 8 5 1 0 0 0 0 0 0 0 0 0 0 0 0 0 0 0 51320
376 God_26 0 0 0 0 0 1 1 3 1 1 0 0 0 0 0 0 0 0 0 0 0 0 0 0 0 11784
377 God_27 0 0 0 0 0 1 0 8 1 1 0 0 0 0 0 0 0 0 0 0 0 0 0 0 0 16406
378 God_28 0 0 0 0 0 4 1 12 1 0 0 0 0 0 0 0 0 0 0 0 0 0 0 0 0 38322
379 God_29 0 0 0 0 0 2 0 17 0 1 0 0 0 0 0 0 0 0 0 0 0 0 0 0 0 29752
380 God_30 0 0 0 0 0 1 0 7 5 3 0 0 0 0 0 0 0 0 0 0 0 0 0 0 0 48206
381 God_31 0 0 0 0 0 5 0 7 1 5 0 0 0 0 0 0 0 0 0 0 0 0 0 0 0 68938
382 God_32 0 0 0 0 0 2 0 3 0 0 0 0 0 0 0 0 0 0 0 0 0 0 0 0 0 6629
383 God_33 0 0 0 0 0 0 0 9 0 3 0 0 0 0 0 0 0 0 0 0 0 0 0 0 0 17819
384 God_34 0 0 0 0 0 2 3 7 0 1 0 0 0 0 0 0 0 0 0 0 0 0 0 0 0 27463
385 God_35 0 0 0 0 0 4 4 11 0 0 0 0 0 0 0 0 0 0 0 0 0 0 0 0 0 50801
386 God_36 0 0 0 0 0 0 0 12 3 0 0 0 0 0 0 0 0 0 0 0 0 0 0 0 0 22295
387 God_37 0 0 0 0 0 3 0 5 0 0 0 0 0 0 0 0 0 0 0 0 0 0 0 0 0 11898
388 God_38 0 0 0 0 0 3 1 7 0 0 0 0 0 0 0 0 0 0 0 0 0 0 0 0 0 18472
389 God_39 0 0 0 0 0 0 0 5 0 0 0 0 0 0 0 0 0 0 0 0 0 0 0 0 0 5216
390 God_40 0 0 0 0 0 1 1 2 1 1 0 0 0 0 0 0 0 0 0 0 0 0 0 0 0 10049
391 God_41 0 0 0 0 0 3 3 9 1 1 0 0 0 0 0 0 0 0 0 0 0 0 0 0 0 45675
392 God_42 0 0 0 0 0 0 5 7 0 4 0 0 0 0 0 0 0 0 0 0 0 0 0 0 0 48387
393 God_43 0 0 0 0 0 2 3 6 2 3 0 0 0 0 0 0 0 0 0 0 0 0 0 0 0 54627
394 God_44 0 0 0 0 0 0 1 9 1 0 0 0 0 0 0 0 0 0 0 0 0 0 0 0 0 14566
395 God_45 0 0 0 0 0 2 3 8 2 3 0 0 0 0 0 0 0 0 0 0 0 0 0 0 0 60993
396 God_46 0 0 0 0 0 4 0 7 1 0 0 0 0 0 0 0 0 0 0 0 0 0 0 0 0 22567
397 God_47 0 0 0 0 0 4 0 7 2 4 0 0 0 0 0 0 0 0 0 0 0 0 0 0 0 57947
398 God_48 0 0 0 0 0 0 2 5 1 0 0 0 0 0 0 0 0 0 0 0 0 0 0 0 0 11871
399 God_49 0 0 0 0 0 1 0 4 2 2 0 0 0 0 0 0 0 0 0 0 0 0 0 0 0 17001
400 Machine_0 0 0 0 0 0 1 1 2 14 0 0 0 0 0 0 0 0 0 0 0 0 0 0 0 0 30137
401 Machine_1 0 0 0 0 0 2 1 0 3 0 0 0 0 0 0 0 0 0 0 0 0 0 0 0 0 8944
402 Machine_2 0 0 0 0 0 1 0 2 3 0 0 0 0 0 0 0 0 0 0 0 0 0 0 0 0 8921
403 Machine_3 0 0 0 0 0 0 0 5 9 0 0 0 0 0 0 0 0 0 0 0 0 0 0 0 0 26540
404 Machine_4 0 0 0 0 0 4 1 2 7 2 0 0 0 0 0 0 0 0 0 0 0 0 0 0 0 48120
405 Machine_5 0 0 0 0 0 1 1 1 4 2 0 0 0 0 0 0 0 0 0 0 0 0 0 0 0 17037
406 Machine_6 0 0 0 0 0 1 4 3 6 3 0 0 0 0 0 0 0 0 0 0 0 0 0 0 0 65020
407 Machine_7 0 0 0 0 0 5 5 2 6 2 0 0 0 0 0 0 0 0 0 0 0 0 0 0 0 108786
408 Machine_8 0 0 0 0 0 1 1 1 9 1 0 0 0 0 0 0 0 0 0 0 0 0 0 0 0 21808
409 Machine_9 0 0 0 0 0 0 4 2 5 0 0 0 0 0 0 0 0 0 0 0 0 0 0 0 0 23317
410 Machine_10 0 0 0 0 0 0 1 1 7 0 0 0 0 0 0 0 0 0 0 0 0 0 0 0 0 11980
411 Machine_11 0 0 0 0 0 0 3 2 11 3 0 0 0 0 0 0 0 0 0 0 0 0 0 0 0 51020
412 Machine_12 0 0 0 0 0 5 1 1 9 1 0 0 0 0 0 0 0 0 0 0 0 0 0 0 0 45704
413 Machine_13 0 0 0 0 0 3 3 3 6 3 0 0 0 0 0 0 0 0 0 0 0 0 0 0 0 77475
414 Machine_14 0 0 0 0 0 3 0 4 6 0 0 0 0 0 0 0 0 0 0 0 0 0 0 0 0 30888
415 Machine_15 0 0 0 0 0 2 2 0 12 0 0 0 0 0 0 0 0 0 0 0 0 0 0 0 0 26893
416 Machine_16 0 0 0 0 0 0 4 3 6 0 0 0 0 0 0 0 0 0 0 0 0 0 0 0 0 31040
417 Machine_17 0 0 0 0 0 1 0 1 3 0 0 0 0 0 0 0 0 0 0 0 0 0 0 0 0 6618
418 Machine_18 0 0 0 0 0 0 0 0 5 0 0 0 0 0 0 0 0 0 0 0 0 0 0 0 0 5238
419 Machine_19 0 0 0 0 0 0 0 0 4 2 0 0 0 0 0 0 0 0 0 0 0 0 0 0 0 7959
420 Machine_20 0 0 0 0 0 0 0 0 6 0 0 0 0 0 0 0 0 0 0 0 0 0 0 0 0 6273
421 Machine_21 0 0 0 0 0 3 1 3 5 0 0 0 0 0 0 0 0 0 0 0 0 0 0 0 0 28615
422 Machine_22 0 0 0 0 0 3 0 3 7 0 0 0 0 0 0 0 0 0 0 0 0 0 0 0 0 27461
423 Machine_23 0 0 0 0 0 0 2 2 9 2 0 0 0 0 0 0 0 0 0 0 0 0 0 0 0 31690
424 Machine_24 0 0 0 0 0 1 1 4 6 0 0 0 0 0 0 0 0 0 0 0 0 0 0 0 0 25534
425 Machine_25 0 0 0 0 0 0 2 2 6 0 0 0 0 0 0 0 0 0 0 0 0 0 0 0 0 16798
426 Machine_26 0 0 0 0 0 1 4 2 6 1 0 0 0 0 0 0 0 0 0 0 0 0 0 0 0 37759
427 Machine_27 0 0 0 0 0 4 1 1 7 1 0 0 0 0 0 0 0 0 0 0 0 0 0 0 0 33265
428 Machine_28 0 0 0 0 0 0 0 1 3 1 0 0 0 0 0 0 0 0 0 0 0 0 0 0 0 6623
429 Machine_29 0 0 0 0 0 0 0 2 6 2 0 0 0 0 0 0 0 0 0 0 0 0 0 0 0 16725
430 Machine_30 0 0 0 0 0 2 2 0 7 2 0 0 0 0 0 0 0 0 0 0 0 0 0 0 0 27550
431 Machine_31 0 0 0 0 0 1 3 3 6 0 0 0 0 0 0 0 0 0 0 0 0 0 0 0 0 31060
432 Machine_32 0 0 0 0 0 0 0 0 3 2 0 0 0 0 0 0 0 0 0 0 0 0 0 0 0 6624
433 Machine_33 0 0 0 0 0 0 7 0 9 1 0 0 0 0 0 0 0 0 0 0 0 0 0 0 0 45635
434 Machine_34 0 0 0 0 0 6 1 0 11 2 0 0 0 0 0 0 0 0 0 0 0 0 0 0 0 60609
435 Machine_35 0 0 0 0 0 4 1 2 6 1 0 0 0 0 0 0 0 0 0 0 0 0 0 0 0 37634
436 Machine_36 0 0 0 0 0 1 1 1 4 3 0 0 0 0 0 0 0 0 0 0 0 0 0 0 0 21224
437 Machine_37 0 0 0 0 0 1 1 0 6 1 0 0 0 0 0 0 0 0 0 0 0 0 0 0 0 13400
438 Machine_38 0 0 0 0 0 4 0 1 7 0 0 0 0 0 0 0 0 0 0 0 0 0 0 0 0 22604
439 Machine_39 0 0 0 0 0 0 1 1 2 1 0 0 0 0 0 0 0 0 0 0 0 0 0 0 0 7463
440 Machine_40 0 0 0 0 0 0 2 0 7 1 0 0 0 0 0 0 0 0 0 0 0 0 0 0 0 14897
441 Machine_41 0 0 0 0 0 1 0 1 5 1 0 0 0 0 0 0 0 0 0 0 0 0 0 0 0 11877
442 Machine_42 0 0 0 0 0 0 1 1 4 0 0 0 0 0 0 0 0 0 0 0 0 0 0 0 0 7983
443 Machine_43 0 0 0 0 0 3 1 3 7 6 0 0 0 0 0 0 0 0 0 0 0 0 0 0 0 96656
444 Machine_44 0 0 0 0 0 0 1 0 11 0 0 0 0 0 0 0 0 0 0 0 0 0 0 0 0 14141
445 Machine_45 0 0 0 0 0 2 1 2 7 2 0 0 0 0 0 0 0 0 0 0 0 0 0 0 0 33582
446 Machine_46 0 0 0 0 0 0 0 2 4 0 0 0 0 0 0 0 0 0 0 0 0 0 0 0 0 7941
447 Machine_47 0 0 0 0 0 0 0 2 3 0 0 0 0 0 0 0 0 0 0 0 0 0 0 0 0 6638
448 Machine_48 0 0 0 0 0 2 3 2 11 0 0 0 0 0 0 0 0 0 0 0 0 0 0 0 0 43130
449 Machine_49 0 0 0 0 0 1 4 4 5 1 0 0 0 0 0 0 0 0 0 0 0 0 0 0 0 50955
450 Evil_0 0 0 0 0 0 2 3 0 0 5 0 0 0 0 0 0 0 0 0 0 0 0 0 0 0 18849
451 Evil_1 0 0 0 0 0 1 0 3 0 5 0 0 0 0 0 0 0 0 0 0 0 0 0 0 0 15159
452 Evil_2 0 0 0 0 0 1 1 4 1 7 0 0 0 0 0 0 0 0 0 0 0 0 0 0 0 33343
453 Evil_3 0 0 0 0 0 1 0 8 0 10 0 0 0 0 0 0 0 0 0 0 0 0 0 0 0 57222
454 Evil_4 0 0 0 0 0 3 1 2 1 8 0 0 0 0 0 0 0 0 0 0 0 0 0 0 0 35892
455 Evil_5 0 0 0 0 0 1 1 1 1 2 0 0 0 0 0 0 0 0 0 0 0 0 0 0 0 10047
456 Evil_6 0 0 0 0 0 0 3 0 1 6 0 0 0 0 0 0 0 0 0 0 0 0 0 0 0 16715
457 Evil_7 0 0 0 0 0 0 0 0 1 8 0 0 0 0 0 0 0 0 0 0 0 0 0 0 0 10575
458 Evil_8 0 0 0 0 0 0 0 2 0 3 0 0 0 0 0 0 0 0 0 0 0 0 0 0 0 6604
459 Evil_9 0 0 0 0 0 1 1 1 1 9 0 0 0 0 0 0 0 0 0 0 0 0 0 0 0 21835
460 Evil_10 0 0 0 0 0 4 2 1 2 7 0 0 0 0 0 0 0 0 0 0 0 0 0 0 0 48236
461 Evil_11 0 0 0 0 0 2 1 2 2 8 0 0 0 0 0 0 0 0 0 0 0 0 0 0 0 35801
462 Evil_12 0 0 0 0 0 1 1 1 1 3 0 0 0 0 0 0 0 0 0 0 0 0 0 0 0 11683
463 Evil_13 0 0 0 0 0 0 0 0 0 5 0 0 0 0 0 0 0 0 0 0 0 0 0 0 0 5221
464 Evil_14 0 0 0 0 0 1 0 0 0 5 0 0 0 0 0 0 0 0 0 0 0 0 0 0 0 7076
465 Evil_15 0 0 0 0 0 4 3 3 3 6 0 0 0 0 0 0 0 0 0 0 0 0 0 0 0 91630
466 Evil_16 0 0 0 0 0 4 2 1 1 12 0 0 0 0 0 0 0 0 0 0 0 0 0 0 0 53836
467 Evil_17 0 0 0 0 0 0 0 0 0 7 0 0 0 0 0 0 0 0 0 0 0 0 0 0 0 7343
468 Evil_18 0 0 0 0 0 0 0 0 6 7 0 0 0 0 0 0 0 0 0 0 0 0 0 0 0 27585
469 Evil_19 0 0 0 0 0 0 0 0 0 10 0 0 0 0 0 0 0 0 0 0 0 0 0 0 0 10472
470 Evil_20 0 0 0 0 0 0 2 1 2 4 0 0 0 0 0 0 0 0 0 0 0 0 0 0 0 17025
471 Evil_21 0 0 0 0 0 2 1 2 2 3 0 0 0 0 0 0 0 0 0 0 0 0 0 0 0 23864
472 Evil_22 0 0 0 0 0 0 1 1 5 13 0 0 0 0 0 0 0 0 0 0 0 0 0 0 0 47519
473 Evil_23 0 0 0 0 0 0 0 2 0 4 0 0 0 0 0 0 0 0 0 0 0 0 0 0 0 7911
474 Evil_24 0 0 0 0 0 1 0 2 2 5 0 0 0 0 0 0 0 0 0 0 0 0 0 0 0 18793
475 Evil_25 0 0 0 0 0 2 1 1 3 9 0 0 0 0 0 0 0 0 0 0 0 0 0 0 0 38251
476 Evil_26 0 0 0 0 0 0 2 2 2 4 0 0 0 0 0 0 0 0 0 0 0 0 0 0 0 21199
477 Evil_27 0 0 0 0 0 0 2 0 0 10 0 0 0 0 0 0 0 0 0 0 0 0 0 0 0 15910
478 Evil_28 0 0 0 0 0 0 0 1 0 5 0 0 0 0 0 0 0 0 0 0 0 0 0 0 0 7032
479 Evil_29 0 0 0 0 0 0 1 3 2 9 0 0 0 0 0 0 0 0 0 0 0 0 0 0 0 31947
480 Evil_30 0 0 0 0 0 3 3 3 3 6 0 0 0 0 0 0 0 0 0 0 0 0 0 0 0 77604
481 Evil_31 0 0 0 0 0 0 2 0 0 3 0 0 0 0 0 0 0 0 0 0 0 0 0 0 0 6611
482 Evil_32 0 0 0 0 0 1 0 1 1 5 0 0 0 0 0 0 0 0 0 0 0 0 0 0 0 11957
483 Evil_33 0 0 0 0 0 3 0 3 0 11 0 0 0 0 0 0 0 0 0 0 0 0 0 0 0 35910
484 Evil_34 0 0 0 0 0 6 0 2 3 7 0 0 0 0 0 0 0 0 0 0 0 0 0 0 0 68774
485 Evil_35 0 0 0 0 0 2 1 1 2 13 0 0 0 0 0 0 0 0 0 0 0 0 0 0 0 40208
486 Evil_36 0 0 0 0 0 1 0 0 7 9 0 0 0 0 0 0 0 0 0 0 0 0 0 0 0 45712
487 Evil_37 0 0 0 0 0 0 1 0 3 6 0 0 0 0 0 0 0 0 0 0 0 0 0 0 0 16816
488 Evil_38 0 0 0 0 0 1 1 0 1 8 0 0 0 0 0 0 0 0 0 0 0 0 0 0 0 16361
489 Evil_39 0 0 0 0 0 5 0 0 3 6 0 0 0 0 0 0 0 0 0 0 0 0 0 0 0 37487
490 Evil_40 0 0 0 0 0 4 2 2 2 6 0 0 0 0 0 0 0 0 0 0 0 0 0 0 0 54585
491 Evil_41 0 0 0 0 0 3 2 1 1 5 0 0 0 0 0 0 0 0 0 0 0 0 0 0 0 28782
492 Evil_42 0 0 0 0 0 2 3 2 2 6 0 0 0 0 0 0 0 0 0 0 0 0 0 0 0 45462
493 Evil_43 0 0 0 0 0 1 1 1 2 7 0 0 0 0 0 0 0 0 0 0 0 0 0 0 0 22630
494 Evil_44 0 0 0 0 0 1 2 0 2 4 0 0 0 0 0 0 0 0 0 0 0 0 0 0 0 16924
495 Evil_45 0 0 0 0 0 3 3 2 2 5 0 0 0 0 0 0 0 0 0 0 0 0 0 0 0 50934
496 Evil_46 0 0 0 0 0 2 3 0 0 13 0 0 0 0 0 0 0 0 0 0 0 0 0 0 0 33792
497 Evil_47 0 0 0 0 0 1 0 0 1 5 0 0 0 0 0 0 0 0 0 0 0 0 0 0 0 9316
498 Evil_48 0 0 0 0 0 3 6 1 2 7 0 0 0 0 0 0 0 0 0 0 0 0 0 0 0 81963
499 Evil_49 0 0 0 0 0 1 4 2 0 13 0 0 0 0 0 0 0 0 0 0 0 0 0 0 0 47962
500 NanoDragon_0 4 0 1 0 0 0 0 0 0 0 0 0 0 0 0 0 0 0 0 0 0 0 0 0 0 2509
501 NanoDragon_1 5 4 1 0 2 0 0 0 0 0 0 0 0 0 0 0 0 0 0 0 0 0 0 0 0 6014
502 NanoDragon_2 12 1 1 1 4 0 0 0 0 0 0 0 0 0 0 0 0 0 0 0 0 0 0 0 0 9521
503 NanoDragon_3 7 2 2 0 0 0 0 0 0 0 0 0 0 0 0 0 0 0 0 0 0 0 0 0 0 5552
504 NanoDragon_4 7 1 0 0 1 0 0 0 0 0 0 0 0 0 0 0 0 0 0 0 0 0 0 0 0 4516
505 NanoDragon_5 10 3 3 2 1 0 0 0 0 0 0 0 0 0 0 0 0 0 0 0 0 0 0 0 0 9570
506 NanoDragon_6 7 0 0 0 2 0 0 0 0 0 0 0 0 0 0 0 0 0 0 0 0 0 0 0 0 4504
507 NanoDragon_7 7 2 2 2 0 0 0 0 0 0 0 0 0 0 0 0 0 0 0 0 0 0 0 0 0 6556
508 NanoDragon_8 10 2 2 2 2 0 0 0 0 0 0 0 0 0 0 0 0 0 0 0 0 0 0 0 0 9033
509 NanoDragon_9 7 0 6 1 0 0 0 0 0 0 0 0 0 0 0 0 0 0 0 0 0 0 0 0 0 7065
510 NanoDragon_10 5 0 2 3 0 0 0 0 0 0 0 0 0 0 0 0 0 0 0 0 0 0 0 0 0 5001
511 NanoDragon_11 4 2 0 2 3 0 0 0 0 0 0 0 0 0 0 0 0 0 0 0 0 0 0 0 0 5539
512 NanoDragon_12 7 0 2 4 5 0 0 0 0 0 0 0 0 0 0 0 0 0 0 0 0 0 0 0 0 9006
513 NanoDragon_13 11 1 2 2 2 0 0 0 0 0 0 0 0 0 0 0 0 0 0 0 0 0 0 0 0 9079
514 NanoDragon_14 9 0 0 1 7 0 0 0 0 0 0 0 0 0 0 0 0 0 0 0 0 0 0 0 0 8531
515 NanoDragon_15 8 0 0 0 0 0 0 0 0 0 0 0 0 0 0 0 0 0 0 0 0 0 0 0 0 4036
516 NanoDragon_16 8 4 0 2 0 0 0 0 0 0 0 0 0 0 0 0 0 0 0 0 0 0 0 0 0 7069
517 NanoDragon_17 3 1 0 2 1 0 0 0 0 0 0 0 0 0 0 0 0 0 0 0 0 0 0 0 0 3518
518 NanoDragon_18 7 2 2 1 4 0 0 0 0 0 0 0 0 0 0 0 0 0 0 0 0 0 0 0 0 8038
519 NanoDragon_19 4 0 3 3 0 0 0 0 0 0 0 0 0 0 0 0 0 0 0 0 0 0 0 0 0 5011
520 NanoDragon_20 5 0 1 0 0 0 0 0 0 0 0 0 0 0 0 0 0 0 0 0 0 0 0 0 0 3005
521 NanoDragon_21 10 0 4 0 2 0 0 0 0 0 0 0 0 0 0 0 0 0 0 0 0 0 0 0 0 8055
522 NanoDragon_22 2 0 1 1 1 0 0 0 0 0 0 0 0 0 0 0 0 0 0 0 0 0 0 0 0 2502
523 NanoDragon_23 9 0 0 0 1 0 0 0 0 0 0 0 0 0 0 0 0 0 0 0 0 0 0 0 0 5045
524 NanoDragon_24 5 3 1 3 1 0 0 0 0 0 0 0 0 0 0 0 0 0 0 0 0 0 0 0 0 6524
525 NanoDragon_25 13 3 1 1 2 0 0 0 0 0 0 0 0 0 0 0 0 0 0 0 0 0 0 0 0 10046
526 NanoDragon_26 6 0 2 0 2 0 0 0 0 0 0 0 0 0 0 0 0 0 0 0 0 0 0 0 0 5031
527 NanoDragon_27 5 1 0 1 0 0 0 0 0 0 0 0 0 0 0 0 0 0 0 0 0 0 0 0 0 3522
528 NanoDragon_28 3 1 0 0 1 0 0 0 0 0 0 0 0 0 0 0 0 0 0 0 0 0 0 0 0 2507
529 NanoDragon_29 7 1 1 0 2 0 0 0 0 0 0 0 0 0 0 0 0 0 0 0 0 0 0 0 0 5545
530 NanoDragon_30 13 1 1 2 2 0 0 0 0 0 0 0 0 0 0 0 0 0 0 0 0 0 0 0 0 9501
531 NanoDragon_31 4 1 2 0 2 0 0 0 0 0 0 0 0 0 0 0 0 0 0 0 0 0 0 0 0 4539
532 NanoDragon_32 6 3 0 0 3 0 0 0 0 0 0 0 0 0 0 0 0 0 0 0 0 0 0 0 0 6046
533 NanoDragon_33 4 0 2 3 2 0 0 0 0 0 0 0 0 0 0 0 0 0 0 0 0 0 0 0 0 5528
534 NanoDragon_34 10 0 2 2 5 0 0 0 0 0 0 0 0 0 0 0 0 0 0 0 0 0 0 0 0 9508
535 NanoDragon_35 7 0 0 0 1 0 0 0 0 0 0 0 0 0 0 0 0 0 0 0 0 0 0 0 0 4036
536 NanoDragon_36 5 1 2 3 1 0 0 0 0 0 0 0 0 0 0 0 0 0 0 0 0 0 0 0 0 6008
537 NanoDragon_37 4 2 2 0 0 0 0 0 0 0 0 0 0 0 0 0 0 0 0 0 0 0 0 0 0 4036
538 NanoDragon_38 4 2 0 0 0 0 0 0 0 0 0 0 0 0 0 0 0 0 0 0 0 0 0 0 0 3021
539 NanoDragon_39 4 1 2 2 1 0 0 0 0 0 0 0 0 0 0 0 0 0 0 0 0 0 0 0 0 5024
540 NanoDragon_40 5 1 2 0 0 0 0 0 0 0 0 0 0 0 0 0 0 0 0 0 0 0 0 0 0 4027
541 NanoDragon_41 4 2 1 3 1 0 0 0 0 0 0 0 0 0 0 0 0 0 0 0 0 0 0 0 0 5545
542 NanoDragon_42 7 0 4 6 2 0 0 0 0 0 0 0 0 0 0 0 0 0 0 0 0 0 0 0 0 9543
543 NanoDragon_43 7 0 2 1 6 0 0 0 0 0 0 0 0 0 0 0 0 0 0 0 0 0 0 0 0 8004
544 NanoDragon_44 9 0 0 0 0 0 0 0 0 0 0 0 0 0 0 0 0 0 0 0 0 0 0 0 0 4533
545 NanoDragon_45 10 0 0 0 0 0 0 0 0 0 0 0 0 0 0 0 0 0 0 0 0 0 0 0 0 5015
546 NanoDragon_46 4 1 2 3 1 0 0 0 0 0 0 0 0 0 0 0 0 0 0 0 0 0 0 0 0 5506
547 NanoDragon_47 17 2 0 0 1 0 0 0 0 0 0 0 0 0 0 0 0 0 0 0 0 0 0 0 0 10094
548 NanoDragon_48 7 0 0 1 1 0 0 0 0 0 0 0 0 0 0 0 0 0 0 0 0 0 0 0 0 4543
549 NanoDragon_49 4 2 2 1 1 0 0 0 0 0 0 0 0 0 0 0 0 0 0 0 0 0 0 0 0 5006
550 NanoDragon_50 4 0 2 2 0 0 0 0 0 0 0 0 0 0 0 0 0 0 0 0 0 0 0 0 0 4013
551 NanoDragon_51 7 3 6 1 1 0 0 0 0 0 0 0 0 0 0 0 0 0 0 0 0 0 0 0 0 9050
552 NanoDragon_52 15 0 1 1 1 0 0 0 0 0 0 0 0 0 0 0 0 0 0 0 0 0 0 0 0 9048
553 NanoDragon_53 7 0 4 1 0 0 0 0 0 0 0 0 0 0 0 0 0 0 0 0 0 0 0 0 0 6006
554 NanoDragon_54 5 2 2 2 2 0 0 0 0 0 0 0 0 0 0 0 0 0 0 0 0 0 0 0 0 6500
555 NanoDragon_55 5 1 3 1 1 0 0 0 0 0 0 0 0 0 0 0 0 0 0 0 0 0 0 0 0 5511
556 NanoDragon_56 9 4 0 0 4 0 0 0 0 0 0 0 0 0 0 0 0 0 0 0 0 0 0 0 0 8541
557 NanoDragon_57 3 0 1 2 2 0 0 0 0 0 0 0 0 0 0 0 0 0 0 0 0 0 0 0 0 4000
558 NanoDragon_58 10 8 2 0 0 0 0 0 0 0 0 0 0 0 0 0 0 0 0 0 0 0 0 0 0 10058
559 NanoDragon_59 4 0 1 1 1 0 0 0 0 0 0 0 0 0 0 0 0 0 0 0 0 0 0 0 0 3516
560 NanoDragon_60 6 1 1 1 1 0 0 0 0 0 0 0 0 0 0 0 0 0 0 0 0 0 0 0 0 5022
561 NanoDragon_61 8 0 0 0 1 0 0 0 0 0 0 0 0 0 0 0 0 0 0 0 0 0 0 0 0 4535
562 NanoDragon_62 3 2 1 0 1 0 0 0 0 0 0 0 0 0 0 0 0 0 0 0 0 0 0 0 0 3511
563 NanoDragon_63 11 0 0 0 0 0 0 0 0 0 0 0 0 0 0 0 0 0 0 0 0 0 0 0 0 5508
564 NanoDragon_64 4 1 0 0 0 0 0 0 0 0 0 0 0 0 0 0 0 0 0 0 0 0 0 0 0 2521
565 NanoDragon_65 4 2 0 1 0 0 0 0 0 0 0 0 0 0 0 0 0 0 0 0 0 0 0 0 0 3519
566 NanoDragon_66 7 5 0 0 0 0 0 0 0 0 0 0 0 0 0 0 0 0 0 0 0 0 0 0 0 6006
567 NanoDragon_67 8 2 4 4 1 0 0 0 0 0 0 0 0 0 0 0 0 0 0 0 0 0 0 0 0 9564
568 NanoDragon_68 6 0 1 4 1 0 0 0 0 0 0 0 0 0 0 0 0 0 0 0 0 0 0 0 0 6030
569 NanoDragon_69 10 0 3 3 0 0 0 0 0 0 0 0 0 0 0 0 0 0 0 0 0 0 0 0 0 8044
570 NanoDragon_70 4 3 3 0 0 0 0 0 0 0 0 0 0 0 0 0 0 0 0 0 0 0 0 0 0 5014
571 NanoDragon_71 7 4 1 1 0 0 0 0 0 0 0 0 0 0 0 0 0 0 0 0 0 0 0 0 0 6512
572 NanoDragon_72 8 2 2 3 0 0 0 0 0 0 0 0 0 0 0 0 0 0 0 0 0 0 0 0 0 7539
573 NanoDragon_73 8 2 2 0 6 0 0 0 0 0 0 0 0 0 0 0 0 0 0 0 0 0 0 0 0 9040
574 NanoDragon_74 4 0 0 3 0 0 0 0 0 0 0 0 0 0 0 0 0 0 0 0 0 0 0 0 0 3527
575 NanoDragon_75 11 1 5 0 1 0 0 0 0 0 0 0 0 0 0 0 0 0 0 0 0 0 0 0 0 9004
576 NanoDragon_76 16 0 1 1 1 0 0 0 0 0 0 0 0 0 0 0 0 0 0 0 0 0 0 0 0 9575
577 NanoDragon_77 5 0 0 0 0 0 0 0 0 0 0 0 0 0 0 0 0 0 0 0 0 0 0 0 0 2518
578 NanoDragon_78 13 0 1 0 0 0 0 0 0 0 0 0 0 0 0 0 0 0 0 0 0 0 0 0 0 7065
579 NanoDragon_79 12 1 1 0 3 0 0 0 0 0 0 0 0 0 0 0 0 0 0 0 0 0 0 0 0 8536
580 NanoDragon_80 7 0 2 6 2 0 0 0 0 0 0 0 0 0 0 0 0 0 0 0 0 0 0 0 0 8536
581 NanoDragon_81 10 1 7 0 0 0 0 0 0 0 0 0 0 0 0 0 0 0 0 0 0 0 0 0 0 9024
582 NanoDragon_82 7 2 5 2 0 0 0 0 0 0 0 0 0 0 0 0 0 0 0 0 0 0 0 0 0 8065
583 NanoDragon_83 5 0 2 1 1 0 0 0 0 0 0 0 0 0 0 0 0 0 0 0 0 0 0 0 0 4537
584 NanoDragon_84 9 2 1 1 5 0 0 0 0 0 0 0 0 0 0 0 0 0 0 0 0 0 0 0 0 9088
585 NanoDragon_85 14 0 2 3 1 0 0 0 0 0 0 0 0 0 0 0 0 0 0 0 0 0 0 0 0 10060
586 NanoDragon_86 12 2 0 0 0 0 0 0 0 0 0 0 0 0 0 0 0 0 0 0 0 0 0 0 0 7038
587 NanoDragon_87 8 2 3 1 2 0 0 0 0 0 0 0 0 0 0 0 0 0 0 0 0 0 0 0 0 8045
588 NanoDragon_88 14 0 0 0 0 0 0 0 0 0 0 0 0 0 0 0 0 0 0 0 0 0 0 0 0 7000
589 NanoDragon_89 5 1 1 1 2 0 0 0 0 0 0 0 0 0 0 0 0 0 0 0 0 0 0 0 0 5004
590 NanoDragon_90 4 0 0 2 2 0 0 0 0 0 0 0 0 0 0 0 0 0 0 0 0 0 0 0 0 4031
591 NanoDragon_91 9 0 1 0 1 0 0 0 0 0 0 0 0 0 0 0 0 0 0 0 0 0 0 0 0 5528
592 NanoDragon_92 3 2 0 0 2 0 0 0 0 0 0 0 0 0 0 0 0 0 0 0 0 0 0 0 0 3516
593 NanoDragon_93 10 1 3 1 3 0 0 0 0 0 0 0 0 0 0 0 0 0 0 0 0 0 0 0 0 9009
594 NanoDragon_94 11 1 1 1 1 0 0 0 0 0 0 0 0 0 0 0 0 0 0 0 0 0 0 0 0 7521
595 NanoDragon_95 6 0 0 0 0 0 0 0 0 0 0 0 0 0 0 0 0 0 0 0 0 0 0 0 0 3021
596 NanoDragon_96 9 1 4 0 4 0 0 0 0 0 0 0 0 0 0 0 0 0 0 0 0 0 0 0 0 9087
597 NanoDragon_97 4 0 0 1 1 0 0 0 0 0 0 0 0 0 0 0 0 0 0 0 0 0 0 0 0 3007
598 NanoDragon_98 4 1 1 1 1 0 0 0 0 0 0 0 0 0 0 0 0 0 0 0 0 0 0 0 0 4029
599 NanoDragon_99 7 0 1 2 0 0 0 0 0 0 0 0 0 0 0 0 0 0 0 0 0 0 0 0 0 5038
600 NanoBeast_0 0 5 0 0 0 0 0 0 0 0 0 0 0 0 0 0 0 0 0 0 0 0 0 0 0 2514
601 NanoBeast_1 4 6 1 0 0 0 0 0 0 0 0 0 0 0 0 0 0 0 0 0 0 0 0 0 0 5507
602 NanoBeast_2 2 4 0 1 3 0 0 0 0 0 0 0 0 0 0 0 0 0 0 0 0 0 0 0 0 5041
603 NanoBeast_3 1 3 1 1 0 0 0 0 0 0 0 0 0 0 0 0 0 0 0 0 0 0 0 0 0 3027
604 NanoBeast_4 1 8 4 0 5 0 0 0 0 0 0 0 0 0 0 0 0 0 0 0 0 0 0 0 0 9024
605 NanoBeast_5 1 3 1 0 0 0 0 0 0 0 0 0 0 0 0 0 0 0 0 0 0 0 0 0 0 2514
606 NanoBeast_6 2 7 6 2 3 0 0 0 0 0 0 0 0 0 0 0 0 0 0 0 0 0 0 0 0 10094
607 NanoBeast_7 2 8 3 3 2 0 0 0 0 0 0 0 0 0 0 0 0 0 0 0 0 0 0 0 0 9035
608 NanoBeast_8 2 6 3 4 0 0 0 0 0 0 0 0 0 0 0 0 0 0 0 0 0 0 0 0 0 7546
609 NanoBeast_9 1 13 1 1 3 0 0 0 0 0 0 0 0 0 0 0 0 0 0 0 0 0 0 0 0 9577
610 NanoBeast_10 5 6 4 5 0 0 0 0 0 0 0 0 0 0 0 0 0 0 0 0 0 0 0 0 0 10052
611 NanoBeast_11 0 5 1 1 0 0 0 0 0 0 0 0 0 0 0 0 0 0 0 0 0 0 0 0 0 3514
612 NanoBeast_12 3 11 0 0 1 0 0 0 0 0 0 0 0 0 0 0 0 0 0 0 0 0 0 0 0 7505
613 NanoBeast_13 1 4 1 3 0 0 0 0 0 0 0 0 0 0 0 0 0 0 0 0 0 0 0 0 0 4522
614 NanoBeast_14 0 6 4 1 0 0 0 0 0 0 0 0 0 0 0 0 0 0 0 0 0 0 0 0 0 5511
615 NanoBeast_15 0 14 1 1 1 0 0 0 0 0 0 0 0 0 0 0 0 0 0 0 0 0 0 0 0 8538
616 NanoBeast_16 2 9 0 0 5 0 0 0 0 0 0 0 0 0 0 0 0 0 0 0 0 0 0 0 0 8027
617 NanoBeast_17 3 6 4 5 2 0 0 0 0 0 0 0 0 0 0 0 0 0 0 0 0 0 0 0 0 10085
618 NanoBeast_18 0 9 0 1 1 0 0 0 0 0 0 0 0 0 0 0 0 0 0 0 0 0 0 0 0 5501
619 NanoBeast_19 1 4 3 1 1 0 0 0 0 0 0 0 0 0 0 0 0 0 0 0 0 0 0 0 0 5026
620 NanoBeast_20 1 5 0 2 1 0 0 0 0 0 0 0 0 0 0 0 0 0 0 0 0 0 0 0 0 4523
621 NanoBeast_21 0 3 1 0 2 0 0 0 0 0 0 0 0 0 0 0 0 0 0 0 0 0 0 0 0 3029
622 NanoBeast_22 0 5 2 0 2 0 0 0 0 0 0 0 0 0 0 0 0 0 0 0 0 0 0 0 0 4522
623 NanoBeast_23 1 5 4 2 0 0 0 0 0 0 0 0 0 0 0 0 0 0 0 0 0 0 0 0 0 6044
624 NanoBeast_24 2 10 4 2 2 0 0 0 0 0 0 0 0 0 0 0 0 0 0 0 0 0 0 0 0 10066
625 NanoBeast_25 6 7 3 0 1 0 0 0 0 0 0 0 0 0 0 0 0 0 0 0 0 0 0 0 0 8535
626 NanoBeast_26 5 10 1 0 3 0 0 0 0 0 0 0 0 0 0 0 0 0 0 0 0 0 0 0 0 9510
627 NanoBeast_27 3 10 0 3 2 0 0 0 0 0 0 0 0 0 0 0 0 0 0 0 0 0 0 0 0 9082
628 NanoBeast_28 4 8 1 1 1 0 0 0 0 0 0 0 0 0 0 0 0 0 0 0 0 0 0 0 0 7528
629 NanoBeast_29 1 7 3 1 1 0 0 0 0 0 0 0 0 0 0 0 0 0 0 0 0 0 0 0 0 6543
630 NanoBeast_30 0 4 0 2 1 0 0 0 0 0 0 0 0 0 0 0 0 0 0 0 0 0 0 0 0 3530
631 NanoBeast_31 3 7 3 1 0 0 0 0 0 0 0 0 0 0 0 0 0 0 0 0 0 0 0 0 0 7039
632 NanoBeast_32 3 5 1 3 1 0 0 0 0 0 0 0 0 0 0 0 0 0 0 0 0 0 0 0 0 6528
633 NanoBeast_33 1 5 1 1 1 0 0 0 0 0 0 0 0 0 0 0 0 0 0 0 0 0 0 0 0 4521
634 NanoBeast_34 0 8 4 3 4 0 0 0 0 0 0 0 0 0 0 0 0 0 0 0 0 0 0 0 0 9536
635 NanoBeast_35 0 5 4 1 0 0 0 0 0 0 0 0 0 0 0 0 0 0 0 0 0 0 0 0 0 5008
636 NanoBeast_36 2 4 1 0 2 0 0 0 0 0 0 0 0 0 0 0 0 0 0 0 0 0 0 0 0 4530
637 NanoBeast_37 1 3 2 2 2 0 0 0 0 0 0 0 0 0 0 0 0 0 0 0 0 0 0 0 0 5025
638 NanoBeast_38 4 6 0 2 0 0 0 0 0 0 0 0 0 0 0 0 0 0 0 0 0 0 0 0 0 6010
639 NanoBeast_39 3 10 3 0 3 0 0 0 0 0 0 0 0 0 0 0 0 0 0 0 0 0 0 0 0 9575
640 NanoBeast_40 1 5 4 1 2 0 0 0 0 0 0 0 0 0 0 0 0 0 0 0 0 0 0 0 0 6509
641 NanoBeast_41 0 5 1 4 0 0 0 0 0 0 0 0 0 0 0 0 0 0 0 0 0 0 0 0 0 5047
642 NanoBeast_42 1 7 1 2 2 0 0 0 0 0 0 0 0 0 0 0 0 0 0 0 0 0 0 0 0 6558
643 NanoBeast_43 2 9 0 2 4 0 0 0 0 0 0 0 0 0 0 0 0 0 0 0 0 0 0 0 0 8568
644 NanoBeast_44 0 5 1 0 2 0 0 0 0 0 0 0 0 0 0 0 0 0 0 0 0 0 0 0 0 4020
645 NanoBeast_45 0 10 0 1 8 0 0 0 0 0 0 0 0 0 0 0 0 0 0 0 0 0 0 0 0 9593
646 NanoBeast_46 0 7 4 0 0 0 0 0 0 0 0 0 0 0 0 0 0 0 0 0 0 0 0 0 0 5515
647 NanoBeast_47 3 6 5 1 0 0 0 0 0 0 0 0 0 0 0 0 0 0 0 0 0 0 0 0 0 7522
648 NanoBeast_48 0 7 3 0 1 0 0 0 0 0 0 0 0 0 0 0 0 0 0 0 0 0 0 0 0 5535
649 NanoBeast_49 0 9 1 1 1 0 0 0 0 0 0 0 0 0 0 0 0 0 0 0 0 0 0 0 0 6003
650 NanoBeast_50 0 7 0 1 0 0 0 0 0 0 0 0 0 0 0 0 0 0 0 0 0 0 0 0 0 4022
651 NanoBeast_51 7 8 2 2 0 0 0 0 0 0 0 0 0 0 0 0 0 0 0 0 0 0 0 0 0 9508
652 NanoBeast_52 0 4 1 0 1 0 0 0 0 0 0 0 0 0 0 0 0 0 0 0 0 0 0 0 0 3009
653 NanoBeast_53 4 7 0 0 4 0 0 0 0 0 0 0 0 0 0 0 0 0 0 0 0 0 0 0 0 7569
654 NanoBeast_54 1 2 0 1 1 0 0 0 0 0 0 0 0 0 0 0 0 0 0 0 0 0 0 0 0 2501
655 NanoBeast_55 2 8 2 2 6 0 0 0 0 0 0 0 0 0 0 0 0 0 0 0 0 0 0 0 0 10076
656 NanoBeast_56 2 7 4 4 3 0 0 0 0 0 0 0 0 0 0 0 0 0 0 0 0 0 0 0 0 10002
657 NanoBeast_57 1 3 0 0 1 0 0 0 0 0 0 0 0 0 0 0 0 0 0 0 0 0 0 0 0 2507
658 NanoBeast_58 3 10 1 1 1 0 0 0 0 0 0 0 0 0 0 0 0 0 0 0 0 0 0 0 0 8074
659 NanoBeast_59 2 7 2 4 1 0 0 0 0 0 0 0 0 0 0 0 0 0 0 0 0 0 0 0 0 8021
660 NanoBeast_60 0 5 1 3 0 0 0 0 0 0 0 0 0 0 0 0 0 0 0 0 0 0 0 0 0 4505
661 NanoBeast_61 1 2 1 1 0 0 0 0 0 0 0 0 0 0 0 0 0 0 0 0 0 0 0 0 0 2512
662 NanoBeast_62 3 8 0 2 1 0 0 0 0 0 0 0 0 0 0 0 0 0 0 0 0 0 0 0 0 7035
663 NanoBeast_63 0 7 0 0 0 0 0 0 0 0 0 0 0 0 0 0 0 0 0 0 0 0 0 0 0 3530
664 NanoBeast_64 2 8 4 0 2 0 0 0 0 0 0 0 0 0 0 0 0 0 0 0 0 0 0 0 0 8028
665 NanoBeast_65 2 4 2 0 3 0 0 0 0 0 0 0 0 0 0 0 0 0 0 0 0 0 0 0 0 5554
666 NanoBeast_66 3 7 5 1 0 0 0 0 0 0 0 0 0 0 0 0 0 0 0 0 0 0 0 0 0 8009
667 NanoBeast_67 0 19 0 0 0 0 0 0 0 0 0 0 0 0 0 0 0 0 0 0 0 0 0 0 0 9581
668 NanoBeast_68 1 10 1 1 4 0 0 0 0 0 0 0 0 0 0 0 0 0 0 0 0 0 0 0 0 8536
669 NanoBeast_69 1 6 4 5 0 0 0 0 0 0 0 0 0 0 0 0 0 0 0 0 0 0 0 0 0 8011
670 NanoBeast_70 4 11 3 0 0 0 0 0 0 0 0 0 0 0 0 0 0 0 0 0 0 0 0 0 0 9044
671 NanoBeast_71 1 10 3 3 0 0 0 0 0 0 0 0 0 0 0 0 0 0 0 0 0 0 0 0 0 8584
672 NanoBeast_72 1 4 1 0 0 0 0 0 0 0 0 0 0 0 0 0 0 0 0 0 0 0 0 0 0 3020
673 NanoBeast_73 1 16 1 2 0 0 0 0 0 0 0 0 0 0 0 0 0 0 0 0 0 0 0 0 0 10004
674 NanoBeast_74 0 5 2 0 0 0 0 0 0 0 0 0 0 0 0 0 0 0 0 0 0 0 0 0 0 3532
675 NanoBeast_75 0 5 0 1 0 0 0 0 0 0 0 0 0 0 0 0 0 0 0 0 0 0 0 0 0 3028
676 NanoBeast_76 0 3 2 1 0 0 0 0 0 0 0 0 0 0 0 0 0 0 0 0 0 0 0 0 0 3017
677 NanoBeast_77 0 5 1 1 2 0 0 0 0 0 0 0 0 0 0 0 0 0 0 0 0 0 0 0 0 4533
678 NanoBeast_78 3 6 1 2 1 0 0 0 0 0 0 0 0 0 0 0 0 0 0 0 0 0 0 0 0 6500
679 NanoBeast_79 1 4 0 1 0 0 0 0 0 0 0 0 0 0 0 0 0 0 0 0 0 0 0 0 0 3013
680 NanoBeast_80 0 4 0 2 0 0 0 0 0 0 0 0 0 0 0 0 0 0 0 0 0 0 0 0 0 3017
681 NanoBeast_81 0 10 0 0 4 0 0 0 0 0 0 0 0 0 0 0 0 0 0 0 0 0 0 0 0 7063
682 NanoBeast_82 1 4 1 0 1 0 0 0 0 0 0 0 0 0 0 0 0 0 0 0 0 0 0 0 0 3504
683 NanoBeast_83 0 10 0 0 0 0 0 0 0 0 0 0 0 0 0 0 0 0 0 0 0 0 0 0 0 5032
684 NanoBeast_84 1 2 1 1 1 0 0 0 0 0 0 0 0 0 0 0 0 0 0 0 0 0 0 0 0 3018
685 NanoBeast_85 1 8 1 1 5 0 0 0 0 0 0 0 0 0 0 0 0 0 0 0 0 0 0 0 0 8036
686 NanoBeast_86 0 6 2 2 0 0 0 0 0 0 0 0 0 0 0 0 0 0 0 0 0 0 0 0 0 5030
687 NanoBeast_87 0 11 5 2 0 0 0 0 0 0 0 0 0 0 0 0 0 0 0 0 0 0 0 0 0 9089
688 NanoBeast_88 1 3 1 0 2 0 0 0 0 0 0 0 0 0 0 0 0 0 0 0 0 0 0 0 0 3509
689 NanoBeast_89 1 3 1 2 2 0 0 0 0 0 0 0 0 0 0 0 0 0 0 0 0 0 0 0 0 4527
690 NanoBeast_90 4 9 1 5 0 0 0 0 0 0 0 0 0 0 0 0 0 0 0 0 0 0 0 0 0 9561
691 NanoBeast_91 1 2 1 0 1 0 0 0 0 0 0 0 0 0 0 0 0 0 0 0 0 0 0 0 0 2512
692 NanoBeast_92 0 10 7 2 0 0 0 0 0 0 0 0 0 0 0 0 0 0 0 0 0 0 0 0 0 9546
693 NanoBeast_93 0 10 1 1 1 0 0 0 0 0 0 0 0 0 0 0 0 0 0 0 0 0 0 0 0 6564
694 NanoBeast_94 1 10 1 1 2 0 0 0 0 0 0 0 0 0 0 0 0 0 0 0 0 0 0 0 0 7536
695 NanoBeast_95 5 7 0 0 5 0 0 0 0 0 0 0 0 0 0 0 0 0 0 0 0 0 0 0 0 8568
696 NanoBeast_96 0 12 1 2 2 0 0 0 0 0 0 0 0 0 0 0 0 0 0 0 0 0 0 0 0 8558
697 NanoBeast_97 0 4 3 2 0 0 0 0 0 0 0 0 0 0 0 0 0 0 0 0 0 0 0 0 0 4512
698 NanoBeast_98 0 8 0 0 0 0 0 0 0 0 0 0 0 0 0 0 0 0 0 0 0 0 0 0 0 4007
699 NanoBeast_99 0 6 1 1 0 0 0 0 0 0 0 0 0 0 0 0 0 0 0 0 0 0 0 0 0 4036
700 NanoGod_0 4 0 8 6 0 0 0 0 0 0 0 0 0 0 0 0 0 0 0 0 0 0 0 0 0 9055
701 NanoGod_1 1 3 11 3 0 0 0 0 0 0 0 0 0 0 0 0 0 0 0 0 0 0 0 0 0 9031
702 NanoGod_2 5 0 6 0 5 0 0 0 0 0 0 0 0 0 0 0 0 0 0 0 0 0 0 0 0 8075
703 NanoGod_3 2 2 4 1 1 0 0 0 0 0 0 0 0 0 0 0 0 0 0 0 0 0 0 0 0 5034
704 NanoGod_4 4 0 6 0 2 0 0 0 0 0 0 0 0 0 0 0 0 0 0 0 0 0 0 0 0 6009
705 NanoGod_5 3 1 8 2 2 0 0 0 0 0 0 0 0 0 0 0 0 0 0 0 0 0 0 0 0 8023
706 NanoGod_6 1 3 5 3 0 0 0 0 0 0 0 0 0 0 0 0 0 0 0 0 0 0 0 0 0 6022
707 NanoGod_7 1 1 7 1 3 0 0 0 0 0 0 0 0 0 0 0 0 0 0 0 0 0 0 0 0 6563
708 NanoGod_8 4 0 9 4 0 0 0 0 0 0 0 0 0 0 0 0 0 0 0 0 0 0 0 0 0 8542
709 NanoGod_9 6 1 7 1 4 0 0 0 0 0 0 0 0 0 0 0 0 0 0 0 0 0 0 0 0 9504
710 NanoGod_10 0 0 10 0 2 0 0 0 0 0 0 0 0 0 0 0 0 0 0 0 0 0 0 0 0 6059
711 NanoGod_11 5 0 10 0 0 0 0 0 0 0 0 0 0 0 0 0 0 0 0 0 0 0 0 0 0 7516
712 NanoGod_12 0 0 11 0 0 0 0 0 0 0 0 0 0 0 0 0 0 0 0 0 0 0 0 0 0 5537
713 NanoGod_13 4 0 6 3 0 0 0 0 0 0 0 0 0 0 0 0 0 0 0 0 0 0 0 0 0 6508
714 NanoGod_14 1 0 6 1 1 0 0 0 0 0 0 0 0 0 0 0 0 0 0 0 0 0 0 0 0 4501
715 NanoGod_15 1 4 5 0 1 0 0 0 0 0 0 0 0 0 0 0 0 0 0 0 0 0 0 0 0 5521
716 NanoGod_16 1 3 8 4 3 0 0 0 0 0 0 0 0 0 0 0 0 0 0 0 0 0 0 0 0 9548
717 NanoGod_17 1 4 8 0 0 0 0 0 0 0 0 0 0 0 0 0 0 0 0 0 0 0 0 0 0 6531
718 NanoGod_18 0 0 10 4 5 0 0 0 0 0 0 0 0 0 0 0 0 0 0 0 0 0 0 0 0 9538
719 NanoGod_19 0 1 5 1 1 0 0 0 0 0 0 0 0 0 0 0 0 0 0 0 0 0 0 0 0 4005
720 NanoGod_20 0 2 5 2 2 0 0 0 0 0 0 0 0 0 0 0 0 0 0 0 0 0 0 0 0 5527
721 NanoGod_21 3 1 8 5 1 0 0 0 0 0 0 0 0 0 0 0 0 0 0 0 0 0 0 0 0 9068
722 NanoGod_22 3 2 12 0 0 0 0 0 0 0 0 0 0 0 0 0 0 0 0 0 0 0 0 0 0 8525
723 NanoGod_23 0 0 8 7 0 0 0 0 0 0 0 0 0 0 0 0 0 0 0 0 0 0 0 0 0 7540
724 NanoGod_24 1 0 6 0 0 0 0 0 0 0 0 0 0 0 0 0 0 0 0 0 0 0 0 0 0 3531
725 NanoGod_25 2 0 10 6 0 0 0 0 0 0 0 0 0 0 0 0 0 0 0 0 0 0 0 0 0 9015
726 NanoGod_26 0 0 16 0 0 0 0 0 0 0 0 0 0 0 0 0 0 0 0 0 0 0 0 0 0 8007
727 NanoGod_27 0 0 10 0 0 0 0 0 0 0 0 0 0 0 0 0 0 0 0 0 0 0 0 0 0 5015
728 NanoGod_28 1 1 7 2 1 0 0 0 0 0 0 0 0 0 0 0 0 0 0 0 0 0 0 0 0 6051
729 NanoGod_29 0 0 7 0 5 0 0 0 0 0 0 0 0 0 0 0 0 0 0 0 0 0 0 0 0 6015
730 NanoGod_30 0 0 8 0 0 0 0 0 0 0 0 0 0 0 0 0 0 0 0 0 0 0 0 0 0 4022
731 NanoGod_31 2 2 8 0 2 0 0 0 0 0 0 0 0 0 0 0 0 0 0 0 0 0 0 0 0 7022
732 NanoGod_32 1 2 6 2 3 0 0 0 0 0 0 0 0 0 0 0 0 0 0 0 0 0 0 0 0 7006
733 NanoGod_33 0 0 4 0 2 0 0 0 0 0 0 0 0 0 0 0 0 0 0 0 0 0 0 0 0 3007
734 NanoGod_34 1 0 9 0 4 0 0 0 0 0 0 0 0 0 0 0 0 0 0 0 0 0 0 0 0 7002
735 NanoGod_35 1 1 11 0 1 0 0 0 0 0 0 0 0 0 0 0 0 0 0 0 0 0 0 0 0 7021
736 NanoGod_36 0 2 7 1 2 0 0 0 0 0 0 0 0 0 0 0 0 0 0 0 0 0 0 0 0 6049
737 NanoGod_37 0 0 15 0 0 0 0 0 0 0 0 0 0 0 0 0 0 0 0 0 0 0 0 0 0 7561
738 NanoGod_38 1 1 5 1 2 0 0 0 0 0 0 0 0 0 0 0 0 0 0 0 0 0 0 0 0 5037
739 NanoGod_39 0 1 5 2 0 0 0 0 0 0 0 0 0 0 0 0 0 0 0 0 0 0 0 0 0 4030
740 NanoGod_40 1 0 4 0 0 0 0 0 0 0 0 0 0 0 0 0 0 0 0 0 0 0 0 0 0 2524
741 NanoGod_41 3 0 7 3 1 0 0 0 0 0 0 0 0 0 0 0 0 0 0 0 0 0 0 0 0 7069
742 NanoGod_42 3 3 6 1 3 0 0 0 0 0 0 0 0 0 0 0 0 0 0 0 0 0 0 0 0 8045
743 NanoGod_43 6 6 8 0 0 0 0 0 0 0 0 0 0 0 0 0 0 0 0 0 0 0 0 0 0 10078
744 NanoGod_44 6 0 7 6 0 0 0 0 0 0 0 0 0 0 0 0 0 0 0 0 0 0 0 0 0 9584
745 NanoGod_45 4 2 8 0 1 0 0 0 0 0 0 0 0 0 0 0 0 0 0 0 0 0 0 0 0 7553
746 NanoGod_46 0 3 7 1 0 0 0 0 0 0 0 0 0 0 0 0 0 0 0 0 0 0 0 0 0 5547
747 NanoGod_47 2 2 4 2 2 0 0 0 0 0 0 0 0 0 0 0 0 0 0 0 0 0 0 0 0 6036
748 NanoGod_48 0 1 3 1 0 0 0 0 0 0 0 0 0 0 0 0 0 0 0 0 0 0 0 0 0 2505
749 NanoGod_49 2 2 4 3 2 0 0 0 0 0 0 0 0 0 0 0 0 0 0 0 0 0 0 0 0 6560
750 NanoGod_50 2 1 4 0 2 0 0 0 0 0 0 0 0 0 0 0 0 0 0 0 0 0 0 0 0 4524
751 NanoGod_51 0 0 9 4 2 0 0 0 0 0 0 0 0 0 0 0 0 0 0 0 0 0 0 0 0 7538
752 NanoGod_52 2 2 4 0 3 0 0 0 0 0 0 0 0 0 0 0 0 0 0 0 0 0 0 0 0 5527
753 NanoGod_53 3 0 10 1 1 0 0 0 0 0 0 0 0 0 0 0 0 0 0 0 0 0 0 0 0 7508
754 NanoGod_54 0 0 7 0 0 0 0 0 0 0 0 0 0 0 0 0 0 0 0 0 0 0 0 0 0 3531
755 NanoGod_55 4 1 5 2 2 0 0 0 0 0 0 0 0 0 0 0 0 0 0 0 0 0 0 0 0 7015
756 NanoGod_56 0 0 7 1 4 0 0 0 0 0 0 0 0 0 0 0 0 0 0 0 0 0 0 0 0 6038
757 NanoGod_57 1 0 3 2 0 0 0 0 0 0 0 0 0 0 0 0 0 0 0 0 0 0 0 0 0 3016
758 NanoGod_58 5 1 7 0 1 0 0 0 0 0 0 0 0 0 0 0 0 0 0 0 0 0 0 0 0 7037
759 NanoGod_59 3 3 4 0 0 0 0 0 0 0 0 0 0 0 0 0 0 0 0 0 0 0 0 0 0 5037
760 NanoGod_60 1 1 6 1 5 0 0 0 0 0 0 0 0 0 0 0 0 0 0 0 0 0 0 0 0 7062
761 NanoGod_61 1 0 7 3 2 0 0 0 0 0 0 0 0 0 0 0 0 0 0 0 0 0 0 0 0 6563
762 NanoGod_62 1 1 2 0 1 0 0 0 0 0 0 0 0 0 0 0 0 0 0 0 0 0 0 0 0 2506
763 NanoGod_63 1 2 8 1 3 0 0 0 0 0 0 0 0 0 0 0 0 0 0 0 0 0 0 0 0 7559
764 NanoGod_64 2 2 4 0 2 0 0 0 0 0 0 0 0 0 0 0 0 0 0 0 0 0 0 0 0 5049
765 NanoGod_65 0 0 6 0 2 0 0 0 0 0 0 0 0 0 0 0 0 0 0 0 0 0 0 0 0 4009
766 NanoGod_66 0 1 12 3 1 0 0 0 0 0 0 0 0 0 0 0 0 0 0 0 0 0 0 0 0 8502
767 NanoGod_67 1 2 12 2 2 0 0 0 0 0 0 0 0 0 0 0 0 0 0 0 0 0 0 0 0 9540
768 NanoGod_68 0 0 6 4 0 0 0 0 0 0 0 0 0 0 0 0 0 0 0 0 0 0 0 0 0 5015
769 NanoGod_69 2 2 8 1 1 0 0 0 0 0 0 0 0 0 0 0 0 0 0 0 0 0 0 0 0 7052
770 NanoGod_70 0 1 8 0 5 0 0 0 0 0 0 0 0 0 0 0 0 0 0 0 0 0 0 0 0 7007
771 NanoGod_71 1 2 3 2 0 0 0 0 0 0 0 0 0 0 0 0 0 0 0 0 0 0 0 0 0 4035
772 NanoGod_72 0 1 12 3 0 0 0 0 0 0 0 0 0 0 0 0 0 0 0 0 0 0 0 0 0 8061
773 NanoGod_73 4 1 7 1 1 0 0 0 0 0 0 0 0 0 0 0 0 0 0 0 0 0 0 0 0 7043
774 NanoGod_74 1 3 7 1 3 0 0 0 0 0 0 0 0 0 0 0 0 0 0 0 0 0 0 0 0 7568
775 NanoGod_75 1 3 8 0 6 0 0 0 0 0 0 0 0 0 0 0 0 0 0 0 0 0 0 0 0 9008
776 NanoGod_76 0 0 6 1 4 0 0 0 0 0 0 0 0 0 0 0 0 0 0 0 0 0 0 0 0 5549
777 NanoGod_77 1 1 6 1 1 0 0 0 0 0 0 0 0 0 0 0 0 0 0 0 0 0 0 0 0 5043
778 NanoGod_78 0 0 12 4 0 0 0 0 0 0 0 0 0 0 0 0 0 0 0 0 0 0 0 0 0 8040
779 NanoGod_79 5 0 7 0 3 0 0 0 0 0 0 0 0 0 0 0 0 0 0 0 0 0 0 0 0 7533
780 NanoGod_80 0 0 5 0 0 0 0 0 0 0 0 0 0 0 0 0 0 0 0 0 0 0 0 0 0 2501
781 NanoGod_81 1 0 5 1 1 0 0 0 0 0 0 0 0 0 0 0 0 0 0 0 0 0 0 0 0 4033
782 NanoGod_82 6 0 8 0 3 0 0 0 0 0 0 0 0 0 0 0 0 0 0 0 0 0 0 0 0 8560
783 NanoGod_83 2 0 11 2 0 0 0 0 0 0 0 0 0 0 0 0 0 0 0 0 0 0 0 0 0 7568
784 NanoGod_84 6 0 7 0 3 0 0 0 0 0 0 0 0 0 0 0 0 0 0 0 0 0 0 0 0 8062
785 NanoGod_85 4 1 11 2 2 0 0 0 0 0 0 0 0 0 0 0 0 0 0 0 0 0 0 0 0 10018
786 NanoGod_86 0 0 8 2 5 0 0 0 0 0 0 0 0 0 0 0 0 0 0 0 0 0 0 0 0 7524
787 NanoGod_87 0 0 8 0 2 0 0 0 0 0 0 0 0 0 0 0 0 0 0 0 0 0 0 0 0 5004
788 NanoGod_88 0 7 9 4 0 0 0 0 0 0 0 0 0 0 0 0 0 0 0 0 0 0 0 0 0 10017
789 NanoGod_89 4 3 11 1 1 0 0 0 0 0 0 0 0 0 0 0 0 0 0 0 0 0 0 0 0 10078
790 NanoGod_90 0 2 5 0 2 0 0 0 0 0 0 0 0 0 0 0 0 0 0 0 0 0 0 0 0 4514
791 NanoGod_91 3 0 11 0 6 0 0 0 0 0 0 0 0 0 0 0 0 0 0 0 0 0 0 0 0 10072
792 NanoGod_92 0 0 6 0 1 0 0 0 0 0 0 0 0 0 0 0 0 0 0 0 0 0 0 0 0 3510
793 NanoGod_93 0 1 5 1 2 0 0 0 0 0 0 0 0 0 0 0 0 0 0 0 0 0 0 0 0 4503
794 NanoGod_94 0 0 5 3 0 0 0 0 0 0 0 0 0 0 0 0 0 0 0 0 0 0 0 0 0 4012
795 NanoGod_95 0 0 3 2 0 0 0 0 0 0 0 0 0 0 0 0 0 0 0 0 0 0 0 0 0 2505
796 NanoGod_96 0 0 5 1 0 0 0 0 0 0 0 0 0 0 0 0 0 0 0 0 0 0 0 0 0 3019
797 NanoGod_97 0 4 6 3 4 0 0 0 0 0 0 0 0 0 0 0 0 0 0 0 0 0 0 0 0 8574
798 NanoGod_98 1 3 6 2 1 0 0 0 0 0 0 0 0 0 0 0 0 0 0 0 0 0 0 0 0 6516
799 NanoGod_99 0 4 9 0 0 0 0 0 0 0 0 0 0 0 0 0 0 0 0 0 0 0 0 0 0 6559
800 NanoMachine_0 0 0 1 8 1 0 0 0 0 0 0 0 0 0 0 0 0 0 0 0 0 0 0 0 0 5043
801 NanoMachine_1 4 2 1 9 0 0 0 0 0 0 0 0 0 0 0 0 0 0 0 0 0 0 0 0 0 8000
802 NanoMachine_2 1 1 2 10 0 0 0 0 0 0 0 0 0 0 0 0 0 0 0 0 0 0 0 0 0 7065
803 NanoMachine_3 1 6 0 13 0 0 0 0 0 0 0 0 0 0 0 0 0 0 0 0 0 0 0 0 0 10060
804 NanoMachine_4 0 0 2 6 0 0 0 0 0 0 0 0 0 0 0 0 0 0 0 0 0 0 0 0 0 4005
805 NanoMachine_5 2 1 2 3 2 0 0 0 0 0 0 0 0 0 0 0 0 0 0 0 0 0 0 0 0 5011
806 NanoMachine_6 0 1 1 9 8 0 0 0 0 0 0 0 0 0 0 0 0 0 0 0 0 0 0 0 0 9514
807 NanoMachine_7 0 0 0 9 0 0 0 0 0 0 0 0 0 0 0 0 0 0 0 0 0 0 0 0 0 4518
808 NanoMachine_8 0 0 0 6 4 0 0 0 0 0 0 0 0 0 0 0 0 0 0 0 0 0 0 0 0 5002
809 NanoMachine_9 2 1 1 11 3 0 0 0 0 0 0 0 0 0 0 0 0 0 0 0 0 0 0 0 0 9002
810 NanoMachine_10 3 3 3 7 3 0 0 0 0 0 0 0 0 0 0 0 0 0 0 0 0 0 0 0 0 9565
811 NanoMachine_11 0 0 0 5 0 0 0 0 0 0 0 0 0 0 0 0 0 0 0 0 0 0 0 0 0 2500
812 NanoMachine_12 3 1 0 7 6 0 0 0 0 0 0 0 0 0 0 0 0 0 0 0 0 0 0 0 0 8571
813 NanoMachine_13 1 1 1 5 1 0 0 0 0 0 0 0 0 0 0 0 0 0 0 0 0 0 0 0 0 4505
814 NanoMachine_14 2 0 5 9 0 0 0 0 0 0 0 0 0 0 0 0 0 0 0 0 0 0 0 0 0 8013
815 NanoMachine_15 0 2 2 3 2 0 0 0 0 0 0 0 0 0 0 0 0 0 0 0 0 0 0 0 0 4516
816 NanoMachine_16 0 5 5 8 0 0 0 0 0 0 0 0 0 0 0 0 0 0 0 0 0 0 0 0 0 9063
817 NanoMachine_17 2 0 6 8 2 0 0 0 0 0 0 0 0 0 0 0 0 0 0 0 0 0 0 0 0 9085
818 NanoMachine_18 2 2 0 7 4 0 0 0 0 0 0 0 0 0 0 0 0 0 0 0 0 0 0 0 0 7502
819 NanoMachine_19 3 4 2 7 3 0 0 0 0 0 0 0 0 0 0 0 0 0 0 0 0 0 0 0 0 9524
820 NanoMachine_20 0 0 0 4 3 0 0 0 0 0 0 0 0 0 0 0 0 0 0 0 0 0 0 0 0 3530
821 NanoMachine_21 0 0 0 16 0 0 0 0 0 0 0 0 0 0 0 0 0 0 0 0 0 0 0 0 0 8051
822 NanoMachine_22 2 5 0 7 2 0 0 0 0 0 0 0 0 0 0 0 0 0 0 0 0 0 0 0 0 8013
823 NanoMachine_23 1 4 0 6 2 0 0 0 0 0 0 0 0 0 0 0 0 0 0 0 0 0 0 0 0 6511
824 NanoMachine_24 0 3 0 6 0 0 0 0 0 0 0 0 0 0 0 0 0 0 0 0 0 0 0 0 0 4523
825 NanoMachine_25 0 0 0 3 2 0 0 0 0 0 0 0 0 0 0 0 0 0 0 0 0 0 0 0 0 2507
826 NanoMachine_26 0 1 2 3 1 0 0 0 0 0 0 0 0 0 0 0 0 0 0 0 0 0 0 0 0 3522
827 NanoMachine_27 3 0 0 14 1 0 0 0 0 0 0 0 0 0 0 0 0 0 0 0 0 0 0 0 0 9039
828 NanoMachine_28 4 1 1 5 1 0 0 0 0 0 0 0 0 0 0 0 0 0 0 0 0 0 0 0 0 6015
829 NanoMachine_29 1 0 3 6 3 0 0 0 0 0 0 0 0 0 0 0 0 0 0 0 0 0 0 0 0 6524
830 NanoMachine_30 0 0 1 11 1 0 0 0 0 0 0 0 0 0 0 0 0 0 0 0 0 0 0 0 0 6530
831 NanoMachine_31 2 1 0 14 3 0 0 0 0 0 0 0 0 0 0 0 0 0 0 0 0 0 0 0 0 10043
832 NanoMachine_32 5 2 2 6 1 0 0 0 0 0 0 0 0 0 0 0 0 0 0 0 0 0 0 0 0 8020
833 NanoMachine_33 1 2 0 8 2 0 0 0 0 0 0 0 0 0 0 0 0 0 0 0 0 0 0 0 0 6548
834 NanoMachine_34 1 0 1 8 2 0 0 0 0 0 0 0 0 0 0 0 0 0 0 0 0 0 0 0 0 6038
835 NanoMachine_35 0 2 0 4 0 0 0 0 0 0 0 0 0 0 0 0 0 0 0 0 0 0 0 0 0 3004
836 NanoMachine_36 1 1 0 7 0 0 0 0 0 0 0 0 0 0 0 0 0 0 0 0 0 0 0 0 0 4508
837 NanoMachine_37 0 1 3 8 0 0 0 0 0 0 0 0 0 0 0 0 0 0 0 0 0 0 0 0 0 6030
838 NanoMachine_38 2 0 2 3 2 0 0 0 0 0 0 0 0 0 0 0 0 0 0 0 0 0 0 0 0 4510
839 NanoMachine_39 0 6 1 8 0 0 0 0 0 0 0 0 0 0 0 0 0 0 0 0 0 0 0 0 0 7517
840 NanoMachine_40 3 0 1 4 3 0 0 0 0 0 0 0 0 0 0 0 0 0 0 0 0 0 0 0 0 5551
841 NanoMachine_41 0 0 0 8 0 0 0 0 0 0 0 0 0 0 0 0 0 0 0 0 0 0 0 0 0 4010
842 NanoMachine_42 3 1 3 4 0 0 0 0 0 0 0 0 0 0 0 0 0 0 0 0 0 0 0 0 0 5526
843 NanoMachine_43 3 2 1 11 1 0 0 0 0 0 0 0 0 0 0 0 0 0 0 0 0 0 0 0 0 9074
844 NanoMachine_44 0 1 1 2 1 0 0 0 0 0 0 0 0 0 0 0 0 0 0 0 0 0 0 0 0 2510
845 NanoMachine_45 2 1 0 3 0 0 0 0 0 0 0 0 0 0 0 0 0 0 0 0 0 0 0 0 0 3027
846 NanoMachine_46 0 1 2 3 0 0 0 0 0 0 0 0 0 0 0 0 0 0 0 0 0 0 0 0 0 3022
847 NanoMachine_47 0 0 7 13 0 0 0 0 0 0 0 0 0 0 0 0 0 0 0 0 0 0 0 0 0 10036
848 NanoMachine_48 1 0 1 8 3 0 0 0 0 0 0 0 0 0 0 0 0 0 0 0 0 0 0 0 0 6560
849 NanoMachine_49 8 2 0 9 0 0 0 0 0 0 0 0 0 0 0 0 0 0 0 0 0 0 0 0 0 9583
850 NanoMachine_50 3 2 2 11 2 0 0 0 0 0 0 0 0 0 0 0 0 0 0 0 0 0 0 0 0 10087
851 NanoMachine_51 2 0 2 9 3 0 0 0 0 0 0 0 0 0 0 0 0 0 0 0 0 0 0 0 0 8047
852 NanoMachine_52 3 3 3 4 3 0 0 0 0 0 0 0 0 0 0 0 0 0 0 0 0 0 0 0 0 8078
853 NanoMachine_53 0 0 1 5 0 0 0 0 0 0 0 0 0 0 0 0 0 0 0 0 0 0 0 0 0 3024
854 NanoMachine_54 2 1 1 8 1 0 0 0 0 0 0 0 0 0 0 0 0 0 0 0 0 0 0 0 0 6558
855 NanoMachine_55 1 0 0 8 1 0 0 0 0 0 0 0 0 0 0 0 0 0 0 0 0 0 0 0 0 5043
856 NanoMachine_56 0 1 3 6 2 0 0 0 0 0 0 0 0 0 0 0 0 0 0 0 0 0 0 0 0 6005
857 NanoMachine_57 0 2 0 18 0 0 0 0 0 0 0 0 0 0 0 0 0 0 0 0 0 0 0 0 0 10009
858 NanoMachine_58 2 0 0 5 0 0 0 0 0 0 0 0 0 0 0 0 0 0 0 0 0 0 0 0 0 3516
859 NanoMachine_59 0 0 1 8 4 0 0 0 0 0 0 0 0 0 0 0 0 0 0 0 0 0 0 0 0 6504
860 NanoMachine_60 5 1 1 7 5 0 0 0 0 0 0 0 0 0 0 0 0 0 0 0 0 0 0 0 0 9577
861 NanoMachine_61 1 3 2 4 2 0 0 0 0 0 0 0 0 0 0 0 0 0 0 0 0 0 0 0 0 6030
862 NanoMachine_62 1 1 0 4 0 0 0 0 0 0 0 0 0 0 0 0 0 0 0 0 0 0 0 0 0 3019
863 NanoMachine_63 0 0 2 7 0 0 0 0 0 0 0 0 0 0 0 0 0 0 0 0 0 0 0 0 0 4504
864 NanoMachine_64 1 2 4 9 2 0 0 0 0 0 0 0 0 0 0 0 0 0 0 0 0 0 0 0 0 9004
865 NanoMachine_65 6 1 0 8 1 0 0 0 0 0 0 0 0 0 0 0 0 0 0 0 0 0 0 0 0 8014
866 NanoMachine_66 2 0 0 4 0 0 0 0 0 0 0 0 0 0 0 0 0 0 0 0 0 0 0 0 0 3004
867 NanoMachine_67 2 2 0 5 4 0 0 0 0 0 0 0 0 0 0 0 0 0 0 0 0 0 0 0 0 6516
868 NanoMachine_68 0 0 0 5 1 0 0 0 0 0 0 0 0 0 0 0 0 0 0 0 0 0 0 0 0 3000
869 NanoMachine_69 2 1 5 9 0 0 0 0 0 0 0 0 0 0 0 0 0 0 0 0 0 0 0 0 0 8523
870 NanoMachine_70 2 5 2 6 0 0 0 0 0 0 0 0 0 0 0 0 0 0 0 0 0 0 0 0 0 7510
871 NanoMachine_71 1 0 2 11 2 0 0 0 0 0 0 0 0 0 0 0 0 0 0 0 0 0 0 0 0 8027
872 NanoMachine_72 4 4 4 5 0 0 0 0 0 0 0 0 0 0 0 0 0 0 0 0 0 0 0 0 0 8534
873 NanoMachine_73 0 2 1 12 1 0 0 0 0 0 0 0 0 0 0 0 0 0 0 0 0 0 0 0 0 8008
874 NanoMachine_74 1 2 2 4 0 0 0 0 0 0 0 0 0 0 0 0 0 0 0 0 0 0 0 0 0 4503
875 NanoMachine_75 0 0 0 7 4 0 0 0 0 0 0 0 0 0 0 0 0 0 0 0 0 0 0 0 0 5545
876 NanoMachine_76 1 2 4 9 1 0 0 0 0 0 0 0 0 0 0 0 0 0 0 0 0 0 0 0 0 8539
877 NanoMachine_77 3 2 1 5 3 0 0 0 0 0 0 0 0 0 0 0 0 0 0 0 0 0 0 0 0 7035
878 NanoMachine_78 0 0 1 16 1 0 0 0 0 0 0 0 0 0 0 0 0 0 0 0 0 0 0 0 0 9070
879 NanoMachine_79 0 1 1 11 5 0 0 0 0 0 0 0 0 0 0 0 0 0 0 0 0 0 0 0 0 9018
880 NanoMachine_80 0 0 2 4 1 0 0 0 0 0 0 0 0 0 0 0 0 0 0 0 0 0 0 0 0 3519
881 NanoMachine_81 3 0 2 4 0 0 0 0 0 0 0 0 0 0 0 0 0 0 0 0 0 0 0 0 0 4541
882 NanoMachine_82 3 3 3 8 3 0 0 0 0 0 0 0 0 0 0 0 0 0 0 0 0 0 0 0 0 10083
883 NanoMachine_83 5 1 5 8 1 0 0 0 0 0 0 0 0 0 0 0 0 0 0 0 0 0 0 0 0 10047
884 NanoMachine_84 0 1 6 8 5 0 0 0 0 0 0 0 0 0 0 0 0 0 0 0 0 0 0 0 0 10052
885 NanoMachine_85 0 1 0 11 0 0 0 0 0 0 0 0 0 0 0 0 0 0 0 0 0 0 0 0 0 6027
886 NanoMachine_86 1 1 1 4 1 0 0 0 0 0 0 0 0 0 0 0 0 0 0 0 0 0 0 0 0 4004
887 NanoMachine_87 0 1 0 3 1 0 0 0 0 0 0 0 0 0 0 0 0 0 0 0 0 0 0 0 0 2517
888 NanoMachine_88 0 0 2 5 0 0 0 0 0 0 0 0 0 0 0 0 0 0 0 0 0 0 0 0 0 3500
889 NanoMachine_89 1 5 1 11 1 0 0 0 0 0 0 0 0 0 0 0 0 0 0 0 0 0 0 0 0 9521
890 NanoMachine_90 0 2 0 6 1 0 0 0 0 0 0 0 0 0 0 0 0 0 0 0 0 0 0 0 0 4543
891 NanoMachine_91 0 0 0 12 0 0 0 0 0 0 0 0 0 0 0 0 0 0 0 0 0 0 0 0 0 6047
892 NanoMachine_92 0 0 0 7 0 0 0 0 0 0 0 0 0 0 0 0 0 0 0 0 0 0 0 0 0 3517
893 NanoMachine_93 0 0 0 12 7 0 0 0 0 0 0 0 0 0 0 0 0 0 0 0 0 0 0 0 0 9501
894 NanoMachine_94 1 1 6 8 1 0 0 0 0 0 0 0 0 0 0 0 0 0 0 0 0 0 0 0 0 8548
895 NanoMachine_95 0 1 0 9 7 0 0 0 0 0 0 0 0 0 0 0 0 0 0 0 0 0 0 0 0 8519
896 NanoMachine_96 1 2 2 10 5 0 0 0 0 0 0 0 0 0 0 0 0 0 0 0 0 0 0 0 0 10010
897 NanoMachine_97 1 1 0 5 4 0 0 0 0 0 0 0 0 0 0 0 0 0 0 0 0 0 0 0 0 5537
898 NanoMachine_98 5 1 0 8 1 0 0 0 0 0 0 0 0 0 0 0 0 0 0 0 0 0 0 0 0 7570
899 NanoMachine_99 0 3 4 5 1 0 0 0 0 0 0 0 0 0 0 0 0 0 0 0 0 0 0 0 0 6561
900 NanoEvil_0 0 1 1 1 14 0 0 0 0 0 0 0 0 0 0 0 0 0 0 0 0 0 0 0 0 8544
901 NanoEvil_1 0 1 3 1 13 0 0 0 0 0 0 0 0 0 0 0 0 0 0 0 0 0 0 0 0 9051
902 NanoEvil_2 2 2 0 0 7 0 0 0 0 0 0 0 0 0 0 0 0 0 0 0 0 0 0 0 0 5553
903 NanoEvil_3 0 2 0 1 3 0 0 0 0 0 0 0 0 0 0 0 0 0 0 0 0 0 0 0 0 3029
904 NanoEvil_4 0 2 2 1 5 0 0 0 0 0 0 0 0 0 0 0 0 0 0 0 0 0 0 0 0 5001
905 NanoEvil_5 1 0 4 0 5 0 0 0 0 0 0 0 0 0 0 0 0 0 0 0 0 0 0 0 0 5014
906 NanoEvil_6 1 2 3 4 5 0 0 0 0 0 0 0 0 0 0 0 0 0 0 0 0 0 0 0 0 7524
907 NanoEvil_7 0 0 0 2 4 0 0 0 0 0 0 0 0 0 0 0 0 0 0 0 0 0 0 0 0 3024
908 NanoEvil_8 0 1 1 1 4 0 0 0 0 0 0 0 0 0 0 0 0 0 0 0 0 0 0 0 0 3517
909 NanoEvil_9 0 1 3 2 8 0 0 0 0 0 0 0 0 0 0 0 0 0 0 0 0 0 0 0 0 7011
910 NanoEvil_10 0 0 0 0 7 0 0 0 0 0 0 0 0 0 0 0 0 0 0 0 0 0 0 0 0 3528
911 NanoEvil_11 0 1 1 0 10 0 0 0 0 0 0 0 0 0 0 0 0 0 0 0 0 0 0 0 0 6003
912 NanoEvil_12 1 1 2 1 6 0 0 0 0 0 0 0 0 0 0 0 0 0 0 0 0 0 0 0 0 5506
913 NanoEvil_13 2 0 0 3 6 0 0 0 0 0 0 0 0 0 0 0 0 0 0 0 0 0 0 0 0 5507
914 NanoEvil_14 0 1 1 2 6 0 0 0 0 0 0 0 0 0 0 0 0 0 0 0 0 0 0 0 0 5030
915 NanoEvil_15 0 1 0 0 8 0 0 0 0 0 0 0 0 0 0 0 0 0 0 0 0 0 0 0 0 4538
916 NanoEvil_16 1 3 0 0 4 0 0 0 0 0 0 0 0 0 0 0 0 0 0 0 0 0 0 0 0 4029
917 NanoEvil_17 1 0 2 0 3 0 0 0 0 0 0 0 0 0 0 0 0 0 0 0 0 0 0 0 0 3004
918 NanoEvil_18 1 1 1 1 11 0 0 0 0 0 0 0 0 0 0 0 0 0 0 0 0 0 0 0 0 7549
919 NanoEvil_19 0 0 0 0 20 0 0 0 0 0 0 0 0 0 0 0 0 0 0 0 0 0 0 0 0 10041
920 NanoEvil_20 4 1 0 0 9 0 0 0 0 0 0 0 0 0 0 0 0 0 0 0 0 0 0 0 0 7019
921 NanoEvil_21 0 0 0 0 10 0 0 0 0 0 0 0 0 0 0 0 0 0 0 0 0 0 0 0 0 5012
922 NanoEvil_22 1 1 5 1 10 0 0 0 0 0 0 0 0 0 0 0 0 0 0 0 0 0 0 0 0 9082
923 NanoEvil_23 2 2 2 1 3 0 0 0 0 0 0 0 0 0 0 0 0 0 0 0 0 0 0 0 0 5006
924 NanoEvil_24 1 1 1 1 4 0 0 0 0 0 0 0 0 0 0 0 0 0 0 0 0 0 0 0 0 4012
925 NanoEvil_25 1 1 1 1 3 0 0 0 0 0 0 0 0 0 0 0 0 0 0 0 0 0 0 0 0 3534
926 NanoEvil_26 0 0 2 0 5 0 0 0 0 0 0 0 0 0 0 0 0 0 0 0 0 0 0 0 0 3515
927 NanoEvil_27 1 1 2 1 10 0 0 0 0 0 0 0 0 0 0 0 0 0 0 0 0 0 0 0 0 7522
928 NanoEvil_28 0 0 0 0 5 0 0 0 0 0 0 0 0 0 0 0 0 0 0 0 0 0 0 0 0 2521
929 NanoEvil_29 3 2 2 1 11 0 0 0 0 0 0 0 0 0 0 0 0 0 0 0 0 0 0 0 0 9509
930 NanoEvil_30 0 0 0 0 6 0 0 0 0 0 0 0 0 0 0 0 0 0 0 0 0 0 0 0 0 3024
931 NanoEvil_31 1 0 1 1 6 0 0 0 0 0 0 0 0 0 0 0 0 0 0 0 0 0 0 0 0 4506
932 NanoEvil_32 0 0 7 1 9 0 0 0 0 0 0 0 0 0 0 0 0 0 0 0 0 0 0 0 0 8528
933 NanoEvil_33 0 6 4 1 7 0 0 0 0 0 0 0 0 0 0 0 0 0 0 0 0 0 0 0 0 9067
934 NanoEvil_34 1 0 0 0 5 0 0 0 0 0 0 0 0 0 0 0 0 0 0 0 0 0 0 0 0 3006
935 NanoEvil_35 3 2 2 0 8 0 0 0 0 0 0 0 0 0 0 0 0 0 0 0 0 0 0 0 0 7540
936 NanoEvil_36 0 0 0 3 11 0 0 0 0 0 0 0 0 0 0 0 0 0 0 0 0 0 0 0 0 7002
937 NanoEvil_37 1 1 1 0 2 0 0 0 0 0 0 0 0 0 0 0 0 0 0 0 0 0 0 0 0 2519
938 NanoEvil_38 2 2 2 3 5 0 0 0 0 0 0 0 0 0 0 0 0 0 0 0 0 0 0 0 0 7032
939 NanoEvil_39 0 5 2 3 7 0 0 0 0 0 0 0 0 0 0 0 0 0 0 0 0 0 0 0 0 8584
940 NanoEvil_40 4 0 0 0 6 0 0 0 0 0 0 0 0 0 0 0 0 0 0 0 0 0 0 0 0 5038
941 NanoEvil_41 2 0 0 0 7 0 0 0 0 0 0 0 0 0 0 0 0 0 0 0 0 0 0 0 0 4504
942 NanoEvil_42 4 2 4 4 5 0 0 0 0 0 0 0 0 0 0 0 0 0 0 0 0 0 0 0 0 9500
943 NanoEvil_43 0 0 3 3 13 0 0 0 0 0 0 0 0 0 0 0 0 0 0 0 0 0 0 0 0 9560
944 NanoEvil_44 0 1 0 3 5 0 0 0 0 0 0 0 0 0 0 0 0 0 0 0 0 0 0 0 0 4505
945 NanoEvil_45 0 0 2 0 3 0 0 0 0 0 0 0 0 0 0 0 0 0 0 0 0 0 0 0 0 2518
946 NanoEvil_46 0 3 0 3 11 0 0 0 0 0 0 0 0 0 0 0 0 0 0 0 0 0 0 0 0 8509
947 NanoEvil_47 2 2 2 4 8 0 0 0 0 0 0 0 0 0 0 0 0 0 0 0 0 0 0 0 0 9021
948 NanoEvil_48 0 0 1 0 6 0 0 0 0 0 0 0 0 0 0 0 0 0 0 0 0 0 0 0 0 3513
949 NanoEvil_49 2 0 0 1 3 0 0 0 0 0 0 0 0 0 0 0 0 0 0 0 0 0 0 0 0 3000
950 NanoEvil_50 3 1 1 3 5 0 0 0 0 0 0 0 0 0 0 0 0 0 0 0 0 0 0 0 0 6506
951 NanoEvil_51 5 2 1 0 8 0 0 0 0 0 0 0 0 0 0 0 0 0 0 0 0 0 0 0 0 8032
952 NanoEvil_52 1 2 0 0 3 0 0 0 0 0 0 0 0 0 0 0 0 0 0 0 0 0 0 0 0 3023
953 NanoEvil_53 1 6 1 1 11 0 0 0 0 0 0 0 0 0 0 0 0 0 0 0 0 0 0 0 0 10098
954 NanoEvil_54 3 0 3 3 6 0 0 0 0 0 0 0 0 0 0 0 0 0 0 0 0 0 0 0 0 7568
955 NanoEvil_55 1 2 1 2 5 0 0 0 0 0 0 0 0 0 0 0 0 0 0 0 0 0 0 0 0 5528
956 NanoEvil_56 0 0 0 0 9 0 0 0 0 0 0 0 0 0 0 0 0 0 0 0 0 0 0 0 0 4531
957 NanoEvil_57 2 2 1 0 5 0 0 0 0 0 0 0 0 0 0 0 0 0 0 0 0 0 0 0 0 5001
958 NanoEvil_58 1 0 1 0 6 0 0 0 0 0 0 0 0 0 0 0 0 0 0 0 0 0 0 0 0 4025
959 NanoEvil_59 1 1 2 3 7 0 0 0 0 0 0 0 0 0 0 0 0 0 0 0 0 0 0 0 0 7052
960 NanoEvil_60 5 0 5 0 8 0 0 0 0 0 0 0 0 0 0 0 0 0 0 0 0 0 0 0 0 9034
961 NanoEvil_61 0 0 1 0 5 0 0 0 0 0 0 0 0 0 0 0 0 0 0 0 0 0 0 0 0 3021
962 NanoEvil_62 4 2 2 2 7 0 0 0 0 0 0 0 0 0 0 0 0 0 0 0 0 0 0 0 0 8527
963 NanoEvil_63 0 1 0 1 4 0 0 0 0 0 0 0 0 0 0 0 0 0 0 0 0 0 0 0 0 3009
964 NanoEvil_64 0 0 0 2 3 0 0 0 0 0 0 0 0 0 0 0 0 0 0 0 0 0 0 0 0 2524
965 NanoEvil_65 2 1 2 1 10 0 0 0 0 0 0 0 0 0 0 0 0 0 0 0 0 0 0 0 0 8001
966 NanoEvil_66 3 3 2 2 10 0 0 0 0 0 0 0 0 0 0 0 0 0 0 0 0 0 0 0 0 10042
967 NanoEvil_67 0 0 2 2 7 0 0 0 0 0 0 0 0 0 0 0 0 0 0 0 0 0 0 0 0 5515
968 NanoEvil_68 0 1 5 1 8 0 0 0 0 0 0 0 0 0 0 0 0 0 0 0 0 0 0 0 0 7506
969 NanoEvil_69 0 4 1 0 7 0 0 0 0 0 0 0 0 0 0 0 0 0 0 0 0 0 0 0 0 6031
970 NanoEvil_70 4 0 5 0 6 0 0 0 0 0 0 0 0 0 0 0 0 0 0 0 0 0 0 0 0 7524
971 NanoEvil_71 0 0 0 2 10 0 0 0 0 0 0 0 0 0 0 0 0 0 0 0 0 0 0 0 0 6022
972 NanoEvil_72 3 0 1 0 6 0 0 0 0 0 0 0 0 0 0 0 0 0 0 0 0 0 0 0 0 5019
973 NanoEvil_73 3 1 1 0 8 0 0 0 0 0 0 0 0 0 0 0 0 0 0 0 0 0 0 0 0 6512
974 NanoEvil_74 1 1 0 0 3 0 0 0 0 0 0 0 0 0 0 0 0 0 0 0 0 0 0 0 0 2521
975 NanoEvil_75 1 1 0 1 4 0 0 0 0 0 0 0 0 0 0 0 0 0 0 0 0 0 0 0 0 3501
976 NanoEvil_76 1 7 0 1 10 0 0 0 0 0 0 0 0 0 0 0 0 0 0 0 0 0 0 0 0 9565
977 NanoEvil_77 1 1 1 1 2 0 0 0 0 0 0 0 0 0 0 0 0 0 0 0 0 0 0 0 0 3028
978 NanoEvil_78 8 0 0 0 11 0 0 0 0 0 0 0 0 0 0 0 0 0 0 0 0 0 0 0 0 9549
979 NanoEvil_79 4 2 0 1 10 0 0 0 0 0 0 0 0 0 0 0 0 0 0 0 0 0 0 0 0 8575
980 NanoEvil_80 0 0 5 1 6 0 0 0 0 0 0 0 0 0 0 0 0 0 0 0 0 0 0 0 0 6059
981 NanoEvil_81 1 0 1 2 4 0 0 0 0 0 0 0 0 0 0 0 0 0 0 0 0 0 0 0 0 4025
982 NanoEvil_82 2 1 0 1 4 0 0 0 0 0 0 0 0 0 0 0 0 0 0 0 0 0 0 0 0 4021
983 NanoEvil_83 0 0 1 1 3 0 0 0 0 0 0 0 0 0 0 0 0 0 0 0 0 0 0 0 0 2512
984 NanoEvil_84 0 4 3 2 9 0 0 0 0 0 0 0 0 0 0 0 0 0 0 0 0 0 0 0 0 9023
985 NanoEvil_85 0 2 1 0 12 0 0 0 0 0 0 0 0 0 0 0 0 0 0 0 0 0 0 0 0 7535
986 NanoEvil_86 4 2 1 0 11 0 0 0 0 0 0 0 0 0 0 0 0 0 0 0 0 0 0 0 0 9044
987 NanoEvil_87 1 1 4 3 5 0 0 0 0 0 0 0 0 0 0 0 0 0 0 0 0 0 0 0 0 7025
988 NanoEvil_88 1 1 3 0 8 0 0 0 0 0 0 0 0 0 0 0 0 0 0 0 0 0 0 0 0 6538
989 NanoEvil_89 3 0 0 0 4 0 0 0 0 0 0 0 0 0 0 0 0 0 0 0 0 0 0 0 0 3521
990 NanoEvil_90 3 2 1 0 10 0 0 0 0 0 0 0 0 0 0 0 0 0 0 0 0 0 0 0 0 8052
991 NanoEvil_91 1 1 1 3 13 0 0 0 0 0 0 0 0 0 0 0 0 0 0 0 0 0 0 0 0 9571
992 NanoEvil_92 2 1 2 5 6 0 0 0 0 0 0 0 0 0 0 0 0 0 0 0 0 0 0 0 0 8029
993 NanoEvil_93 5 5 2 1 7 0 0 0 0 0 0 0 0 0 0 0 0 0 0 0 0 0 0 0 0 10078
994 NanoEvil_94 1 0 1 1 7 0 0 0 0 0 0 0 0 0 0 0 0 0 0 0 0 0 0 0 0 5027
995 NanoEvil_95 1 1 2 1 4 0 0 0 0 0 0 0 0 0 0 0 0 0 0 0 0 0 0 0 0 4507
996 NanoEvil_96 8 0 0 0 10 0 0 0 0 0 0 0 0 0 0 0 0 0 0 0 0 0 0 0 0 9026
997 NanoEvil_97 1 1 0 0 5 0 0 0 0 0 0 0 0 0 0 0 0 0 0 0 0 0 0 0 0 3511
998 NanoEvil_98 3 5 1 2 8 0 0 0 0 0 0 0 0 0 0 0 0 0 0 0 0 0 0 0 0 9541
999 NanoEvil_99 2 4 2 4 8 0 0 0 0 0 0 0 0 0 0 0 0 0 0 0 0 0 0 0 0 10030
